3902
-0.049487 0.001
-0.049419 -0.001597
-0.049419 0.003597
-0.049215 -0.004187
-0.049215 0.006187
-0.048979 -0.001491
-0.048979 -0.001491
-0.048979 0.003491
-0.048979 0.003491
-0.048876 -0.006763
-0.048876 0.008763
-0.048682 0.001234
-0.048475 -0.006448
-0.048475 -0.006448
-0.048475 0.008448
-0.048475 0.008448
-0.048402 -0.009318
-0.048402 0.011318
-0.048357 -0.004635
-0.048301 0.0071
-0.047856 0.001294
-0.047796 -0.011845
-0.047796 0.013845
-0.047544 -0.004471
-0.047535 0.001
-0.047474 0.007055
-0.047472 -0.011328
-0.047472 -0.011328
-0.047472 0.013328
-0.047472 0.013328
-0.04747 -0.001495
-0.04747 0.003495
-0.047328 -0.010422
-0.047274 -0.003983
-0.047274 0.005983
-0.047217 0.012877
-0.047058 -0.014336
-0.047058 0.016336
-0.047009 0.001355
-0.046948 -0.006458
-0.046948 0.008458
-0.046711 -0.004303
-0.046626 0.007009
-0.046543 -0.010157
-0.046493 -0.008912
-0.046493 0.010912
-0.046402 0.012728
-0.046191 -0.016785
-0.046191 0.018785
-0.046141 0.001403
-0.04598 -0.016081
-0.04598 -0.016081
-0.04598 0.018081
-0.04598 0.018081
-0.04591 -0.011339
-0.04591 0.013339
-0.045855 -0.004148
-0.045759 0.006948
-0.045737 -0.009885
-0.045612 -0.016043
-0.045567 0.012576
-0.045446 0.018481
-0.045254 0.000916
-0.045202 -0.013733
-0.045202 0.015733
-0.045196 -0.019185
-0.045196 0.021185
-0.044932 0.006395
-0.044912 -0.004561
-0.044907 -0.009625
-0.044865 -0.015681
-0.044715 0.012407
-0.044701 -0.071125
-0.04467 -0.071067
-0.044657 0.018232
-0.044502 -0.070179
-0.044469 -0.070118
-0.044439 -0.070062
-0.044398 -0.072114
-0.044387 -0.069963
-0.044387 -0.069963
-0.044368 -0.016085
-0.044368 0.018085
-0.044366 -0.072055
-0.044353 -0.07047
-0.044344 0.001
-0.044169 -0.070802
-0.044169 -0.070802
-0.044169 -0.070802
-0.044133 -0.069486
-0.0441 -0.01531
-0.044078 -0.02153
-0.044078 0.02353
-0.044045 -0.06932
-0.044045 -0.06932
-0.044041 -0.071443
-0.044019 -0.004362
-0.044019 0.006362
-0.044016 -0.02066
-0.044016 -0.02066
-0.044016 0.02266
-0.044016 0.02266
-0.043951 0.011794
-0.043911 -0.009958
-0.043849 0.017975
-0.043843 0.001
-0.043803 -0.068865
-0.043675 -0.072884
-0.04364 -0.072819
-0.043608 -0.07276
-0.043602 -0.003598
-0.043602 0.005598
-0.043597 -0.068479
-0.043588 -0.068462
-0.043552 -0.072654
-0.043552 -0.072654
-0.0435 -0.069543
-0.043461 -0.068222
-0.043457 -0.068215
-0.043421 -0.068717
-0.043413 -0.018391
-0.043413 0.020391
-0.043413 0.001
-0.043336 -0.067987
-0.043308 -0.014948
-0.04328 -0.072143
-0.043243 -0.067812
-0.043232 -0.021418
-0.043187 -0.071966
-0.043187 -0.071966
-0.043095 -0.00425
-0.043095 0.00625
-0.043077 -0.069631
-0.043051 -0.009646
-0.043051 0.011646
-0.043024 0.017701
-0.043015 0.023833
-0.042965 -0.067289
-0.042963 -0.067285
-0.042897 -0.071421
-0.042882 -0.008145
-0.042882 0.010145
-0.042838 -0.023814
-0.042838 0.025814
-0.042714 -0.066817
-0.042694 -0.071039
-0.042537 -0.020964
-0.042483 -0.070643
-0.042461 0.001
-0.042451 -0.001481
-0.042451 0.003481
-0.042356 -0.067391
-0.042356 -0.067391
-0.042342 -0.067365
-0.042342 -0.067365
-0.042339 -0.020644
-0.042339 0.022644
-0.042327 0.017037
-0.042305 -0.070309
-0.042267 -0.015194
-0.042264 0.023486
-0.042258 -0.06596
-0.042229 -0.065905
-0.042195 -0.065841
-0.042188 -0.065828
-0.042181 -0.065815
-0.042164 -0.065784
-0.042158 -0.06702
-0.04215 -0.004135
-0.04215 0.006135
-0.042147 -0.009423
-0.042147 0.011423
-0.042111 -0.066253
-0.041999 -0.069733
-0.041994 -0.065463
-0.041875 -0.006409
-0.041875 0.008409
-0.041865 -0.066469
-0.041865 -0.066469
-0.041842 0.001
-0.041824 -0.066392
-0.041824 -0.0205
-0.041745 -0.064995
-0.041722 -0.067082
-0.04169 -0.012592
-0.04169 0.014592
-0.041677 -0.064866
-0.041612 -0.003388
-0.041612 0.005388
-0.041598 -0.025016
-0.041598 -0.025016
-0.041598 0.027016
-0.041598 0.027016
-0.041541 -0.065181
-0.041495 0.02313
-0.041488 0.001
-0.041481 -0.026029
-0.041481 0.028029
-0.041453 -0.014774
-0.041453 0.016774
-0.041351 -0.064254
-0.041286 -0.068392
-0.041223 -0.009195
-0.041223 0.011195
-0.041208 -0.063984
-0.041184 -0.004018
-0.041184 0.006018
-0.041148 -0.022838
-0.041148 0.024838
-0.041134 -0.065093
-0.041118 -0.068076
-0.041095 0.001
-0.041083 -0.020041
-0.040934 -0.067729
-0.040925 -0.007729
-0.040925 0.009729
-0.040898 -0.064649
-0.040898 -0.064649
-0.040884 -0.067636
-0.04078 -0.063181
-0.040775 -0.063171
-0.04077 -0.067422
-0.040731 -0.011236
-0.040731 0.013236
-0.040711 0.022755
-0.040675 -0.004868
-0.040675 0.006868
-0.040656 -0.067207
-0.040654 -0.06419
-0.040594 -0.06496
-0.040582 -0.014444
-0.040582 0.016444
-0.040494 0.001
-0.040476 -0.062609
-0.040333 0.001
-0.040318 -0.066572
-0.040278 -0.008962
-0.040278 0.010962
-0.040259 -0.0622
-0.040224 -0.026467
-0.040197 -0.003898
-0.040197 0.005898
-0.040186 -0.062633
-0.040095 -0.066151
-0.040081 0.022044
-0.040069 -0.066103
-0.040063 -0.061832
-0.04004 -0.01689
-0.04004 0.01889
-0.040009 -0.02817
-0.040009 0.03017
-0.040003 -0.020193
-0.039959 -0.065896
-0.039958 0.028853
-0.039921 -0.00476
-0.039921 0.00676
-0.039883 -0.061492
-0.039843 -0.024966
-0.039843 0.026966
-0.039823 -0.06138
-0.039815 -0.061366
-0.039813 -0.061361
-0.039788 -0.011973
-0.039788 0.013973
-0.039692 -0.014107
-0.039692 0.016107
-0.039665 -0.065343
-0.039621 -0.061001
-0.039601 -0.065223
-0.039591 -0.02593
-0.039558 0.001
-0.039507 -0.062034
-0.039507 -0.062034
-0.039469 0.001897
-0.039425 -0.010617
-0.039425 0.012617
-0.039313 -0.008724
-0.039313 0.010724
-0.039295 -0.002815
-0.039277 -0.062483
-0.039258 0.028415
-0.039248 -0.019673
-0.039248 0.021673
-0.039222 -0.06451
-0.039154 -0.00465
-0.039154 0.00665
-0.039081 0.006597
-0.039034 -0.015898
-0.039034 0.017898
-0.039007 -0.059846
-0.038998 -0.061076
-0.038941 -0.025378
-0.038826 -0.063765
-0.038782 -0.013762
-0.038782 0.015762
-0.038775 -0.059409
-0.038771 -0.063662
-0.038768 0.001
-0.038752 -0.029105
-0.038752 -0.029105
-0.038752 0.031105
-0.038752 0.031105
-0.038746 -0.059354
-0.038694 -0.010403
-0.038694 0.012403
-0.038568 -0.05902
-0.038562 -0.007473
-0.038539 0.027965
-0.038508 -0.063168
-0.03847 -0.060084
-0.038431 0.001976
-0.03843 -0.027023
-0.03843 0.029023
-0.038427 -0.030232
-0.038427 0.032232
-0.038424 -0.01924
-0.038424 0.02124
-0.038372 -0.004537
-0.038372 0.006537
-0.038298 -0.062772
-0.038274 -0.002605
-0.038264 -0.024831
-0.038213 -0.016076
-0.038213 0.018076
-0.038139 0.011217
-0.038076 -0.059342
-0.038076 -0.059342
-0.038071 -0.062346
-0.038043 0.006544
-0.038013 -0.059223
-0.038013 -0.059223
-0.037964 0.001
-0.03795 -0.020992
-0.03795 0.022992
-0.03795 -0.010184
-0.03795 0.012184
-0.037906 -0.057775
-0.037853 -0.013409
-0.037853 0.015409
-0.037817 -0.061867
-0.037808 0.027495
-0.037581 -0.018798
-0.037581 0.020798
-0.037576 -0.004423
-0.037576 0.006423
-0.037575 -0.007136
-0.037503 -0.057016
-0.037476 -0.056965
-0.037466 -0.056947
-0.037461 -0.056939
-0.037394 -0.057382
-0.037372 0.002049
-0.037369 -0.01613
-0.037369 0.01813
-0.037319 -0.05667
-0.03731 -0.060914
-0.037281 -0.012011
-0.037247 0.026744
-0.037232 -0.0024
-0.037204 -0.057702
-0.037192 -0.009962
-0.037192 0.011962
-0.037152 -0.024882
-0.037147 0.001
-0.037116 0.011034
-0.036994 -0.05606
-0.036984 0.006483
-0.036944 -0.060225
-0.03691 -0.029003
-0.03691 0.031003
-0.036808 -0.020332
-0.036808 0.022332
-0.036767 -0.004307
-0.036767 0.006307
-0.03674 -0.032207
-0.03674 0.034207
-0.036719 -0.018346
-0.036719 0.020346
-0.036676 -0.015813
-0.036676 0.017813
-0.036656 -0.059683
-0.036654 0.015693
-0.036631 -0.031119
-0.03663 -0.059636
-0.036575 -0.055271
-0.036567 -0.006801
-0.036545 -0.057345
-0.036501 -0.055132
-0.036469 -0.02427
-0.036469 0.02627
-0.036453 -0.055612
-0.036421 -0.009735
-0.036421 0.011735
-0.036344 -0.011552
-0.036321 0.03347
-0.036315 0.001
-0.036302 -0.056006
-0.036291 0.002131
-0.036235 -0.054633
-0.036218 -0.019991
-0.036218 0.021991
-0.03617 -0.002182
-0.036073 0.01084
-0.03607 -0.030505
-0.03597 -0.015491
-0.03597 0.017491
-0.035944 -0.004188
-0.035944 0.006188
-0.035915 -0.054031
-0.035902 0.006428
-0.03589 -0.056114
-0.035839 -0.017884
-0.035839 0.019884
-0.035767 -0.058012
-0.035764 -0.053746
-0.035728 -0.07711
-0.035703 -0.023741
-0.035703 0.025741
-0.035694 -0.077045
-0.035681 0.032947
-0.035663 0.015382
-0.035662 -0.076985
-0.035636 -0.009505
-0.035636 0.011505
-0.035606 -0.076879
-0.035606 -0.076879
-0.035588 -0.057675
-0.035539 -0.00645
-0.035507 -0.032885
-0.035507 -0.032885
-0.035507 0.034885
-0.035507 0.034885
-0.035495 -0.029876
-0.035471 -0.016365
-0.03547 0.001
-0.035461 -0.057437
-0.035443 -0.024853
-0.035443 0.026853
-0.035432 -0.053692
-0.035385 -0.011092
-0.035334 -0.076368
-0.035289 -0.030901
-0.035289 0.032901
-0.035285 -0.054094
-0.035285 -0.054094
-0.035275 -0.057087
-0.035252 -0.015163
-0.035252 0.017163
-0.03524 -0.076191
-0.03524 -0.076191
-0.03519 0.002209
-0.035124 -0.052543
-0.035116 -0.052527
-0.035112 -0.052521
-0.03511 -0.052516
-0.035107 -0.004068
-0.035107 0.006068
-0.035086 -0.001966
-0.035038 -0.056641
-0.035025 0.03241
-0.035008 0.010649
-0.034981 -0.056534
-0.034951 -0.034092
-0.034951 0.036092
-0.03495 -0.075646
-0.03492 -0.0232
-0.03492 0.0252
-0.03489 -0.029249
-0.034838 -0.009271
-0.034838 0.011271
-0.0348 0.006366
-0.0348 -0.051934
-0.034747 -0.075264
-0.034685 -0.077278
-0.034654 -0.077219
-0.034653 0.015059
-0.034648 0.01996
-0.03461 0.001
-0.034605 -0.053696
-0.034598 -0.01579
-0.034549 -0.021294
-0.034549 0.023294
-0.034536 -0.074868
-0.034521 -0.014829
-0.034521 0.016829
-0.03449 -0.0061
-0.034475 -0.052569
-0.034475 -0.052569
-0.034409 -0.010614
-0.034359 -0.074534
-0.034359 0.031853
-0.034328 -0.076607
-0.034328 -0.051045
-0.034257 -0.003946
-0.034257 0.005946
-0.034224 -0.05511
-0.034201 -0.055066
-0.034169 -0.051317
-0.034119 -0.022648
-0.034119 0.024648
-0.034081 -0.024477
-0.034081 0.026477
-0.034075 0.002026
-0.034053 -0.073959
-0.034027 -0.009033
-0.034027 0.011033
-0.033957 -0.002027
-0.033924 0.010449
-0.033908 -0.020882
-0.033908 0.022882
-0.033867 0.031068
-0.033831 -0.05011
-0.033824 -0.023677
-0.033824 0.025677
-0.033795 -0.050043
-0.033777 -0.01449
-0.033777 0.01649
-0.033756 -0.029194
-0.033737 0.001
-0.033726 -0.076355
-0.033726 -0.076355
-0.033726 -0.076355
-0.033726 -0.076355
-0.033714 0.006065
-0.033704 0.019526
-0.033703 -0.015213
-0.033696 -0.076977
-0.033665 -0.076919
-0.033655 -0.054041
-0.033622 0.014735
-0.033579 -0.051768
-0.033571 -0.032712
-0.033571 0.034712
-0.033512 -0.053771
-0.033411 -0.010134
-0.033392 -0.003821
-0.033392 0.005821
-0.033365 -0.074795
-0.03336 -0.006037
-0.033348 -0.076322
-0.03334 -0.072618
-0.033301 -0.022083
-0.033301 0.024083
-0.033257 -0.05028
-0.033256 -0.020462
-0.033256 0.022462
-0.033219 -0.05322
-0.033203 -0.00879
-0.033203 0.01079
-0.033195 -0.048914
-0.033172 -0.072302
-0.033156 -0.028498
-0.033156 0.030498
-0.033155 -0.020473
-0.033067 -0.03588
-0.033067 0.03788
-0.033056 -0.075096
-0.033023 -0.076283
-0.033021 -0.014144
-0.033021 0.016144
-0.033011 -0.048568
-0.033008 -0.04981
-0.033008 -0.04981
-0.032991 -0.076221
-0.032987 -0.071955
-0.032961 -0.076165
-0.032951 0.001
-0.032947 -0.052707
-0.032938 -0.071861
-0.032908 -0.076066
-0.032908 -0.076066
-0.032878 0.010033
-0.03285 0.001
-0.032824 -0.071647
-0.032794 -0.014615
-0.032768 -0.048112
-0.032756 -0.048089
-0.032754 -0.048086
-0.032754 -0.048085
-0.032744 0.019079
-0.032717 -0.052277
-0.03271 -0.071432
-0.032709 -0.002989
-0.032709 0.004989
-0.032679 -0.047945
-0.032655 -0.075589
-0.032636 -0.04911
-0.032615 -0.052085
-0.032591 -0.020035
-0.032591 0.022035
-0.032572 0.0144
-0.03257 -0.047739
-0.032567 -0.075424
-0.032567 -0.075424
-0.032547 -0.047695
-0.032546 -0.028431
-0.032546 0.030431
-0.032514 -0.003695
-0.032514 0.005695
-0.032504 -0.035305
-0.032459 -0.027881
-0.032459 0.029881
-0.032433 -0.047481
-0.032415 -0.074569
-0.032372 -0.070797
-0.032368 -0.047931
-0.032368 -0.047931
-0.032365 -0.008544
-0.032365 0.010544
-0.032361 -0.019792
-0.032324 -0.074968
-0.032293 -0.009949
-0.032252 -0.013793
-0.032252 0.015793
-0.032234 -0.048356
-0.032234 -0.048356
-0.032154 0.037617
-0.032149 0.023959
-0.032148 -0.070377
-0.032122 -0.070328
-0.032119 -0.074582
-0.03211 -0.074565
-0.032101 -0.046858
-0.032025 -0.034625
-0.032012 -0.070121
-0.03201 -0.072246
-0.031989 -0.006919
-0.031989 0.008919
-0.031983 -0.074325
-0.031979 -0.074318
-0.031949 0.001
-0.031915 -0.019601
-0.031915 0.021601
-0.031912 -0.072944
-0.031898 -0.072918
-0.031898 -0.072918
-0.031896 -0.036318
-0.031896 -0.036318
-0.031896 0.038318
-0.031896 0.038318
-0.031868 -0.04642
-0.031864 -0.014013
-0.031858 -0.07409
-0.03179 0.001
-0.031765 -0.073915
-0.031762 0.018628
-0.031761 -0.048349
-0.031761 -0.03443
-0.031761 0.03643
-0.031747 -0.02725
-0.031747 0.02925
-0.031718 -0.069568
-0.031714 -0.072573
-0.03171 -0.04737
-0.031666 -0.050298
-0.031654 -0.069448
-0.031632 -0.050236
-0.031623 -0.003567
-0.031623 0.005567
-0.031595 -0.047153
-0.031595 -0.047153
-0.031586 0.037017
-0.031578 0.013874
-0.031557 -0.002849
-0.031557 0.004849
-0.031545 -0.019106
-0.031533 -0.033928
-0.031514 -0.008295
-0.031514 0.010295
-0.031486 -0.073392
-0.031484 -0.073388
-0.03147 -0.013436
-0.03147 0.015436
-0.031446 -0.049885
-0.031421 -0.072022
-0.031421 -0.072022
-0.03138 -0.071945
-0.031275 -0.068735
-0.031268 0.02341
-0.031235 -0.07292
-0.031227 -0.019159
-0.031227 0.021159
-0.031135 -0.046288
-0.031106 -0.072105
-0.031091 -0.037568
-0.031091 0.039568
-0.031059 -0.027092
-0.031059 0.029092
-0.031034 0.001
-0.031023 -0.026004
-0.031023 0.028004
-0.031019 -0.026605
-0.031019 0.028605
-0.031016 -0.049076
-0.031012 -0.03323
-0.031003 0.036402
-0.03097 -0.048991
-0.03094 -0.048935
-0.030892 -0.028278
-0.030892 0.030278
-0.030889 -0.048838
-0.030881 -0.070124
-0.030881 -0.070124
-0.030879 -0.06799
-0.030862 -0.006641
-0.030862 0.008641
-0.030825 -0.067888
-0.0308 -0.010734
-0.0308 0.012734
-0.03078 -0.072063
-0.03077 -0.013707
-0.030767 -0.044349
-0.030763 0.018165
-0.03075 -0.072008
-0.030718 -0.018398
-0.030717 -0.003437
-0.030717 0.005437
-0.030717 -0.071944
-0.03071 -0.071931
-0.030703 -0.071918
-0.03069 -0.070646
-0.030686 -0.071887
-0.030676 -0.013073
-0.030676 0.015073
-0.030649 -0.008041
-0.030649 0.010041
-0.030608 0.001
-0.030562 -0.067393
-0.030536 -0.071033
-0.030528 -0.018709
-0.030528 0.020709
-0.030515 -0.071566
-0.030454 -0.070203
-0.030454 -0.070203
-0.030448 -0.025505
-0.030448 0.027505
-0.030447 -0.048007
-0.030424 -0.043703
-0.030412 -0.043681
-0.030412 0.035766
-0.030406 -0.043669
-0.030404 -0.043665
-0.030403 -0.043663
-0.030384 -0.002706
-0.030384 0.004706
-0.030372 0.022846
-0.030368 -0.024276
-0.030352 -0.066998
-0.03032 -0.047767
-0.030303 -0.043475
-0.030279 -0.04343
-0.030275 -0.025945
-0.030275 0.027945
-0.030267 -0.071098
-0.030265 0.00091
-0.03021 -0.069743
-0.030198 -0.070969
-0.030161 -0.043208
-0.030125 -0.066571
-0.030106 0.001
-0.030063 0.004501
-0.030033 -0.043539
-0.030024 -0.002825
-0.02999 0.034952
-0.029914 0.004484
-0.029872 -0.070357
-0.02987 -0.017682
-0.02987 -0.066092
-0.029869 -0.012705
-0.029869 0.014705
-0.029864 -0.033064
-0.029864 0.001792
-0.029863 -0.036051
-0.029863 0.038051
-0.029861 -0.024997
-0.029861 0.026997
-0.029833 0.017534
-0.029828 -0.000694
-0.029817 -0.018252
-0.029817 0.020252
-0.029798 -0.003304
-0.029798 0.005304
-0.029772 -0.007783
-0.029772 0.009783
-0.029747 -0.04669
-0.029729 -0.070088
-0.029715 -0.010323
-0.029715 0.012323
-0.029714 -0.006359
-0.029714 0.008359
-0.02968 0.004457
-0.029666 -0.0235
-0.029622 -0.000288
-0.029622 -0.000288
-0.029616 -0.000429
-0.029565 -0.067648
-0.029549 0.003489
-0.029549 0.003489
-0.029515 0.00444
-0.029467 -0.044034
-0.029458 0.004435
-0.029456 0.022275
-0.029394 0.008228
-0.029363 -0.065139
-0.029358 -0.032297
-0.029358 0.034297
-0.029319 -0.00653
-0.029302 -0.069284
-0.029297 -0.069274
-0.02929 -0.031686
-0.02929 0.033686
-0.029264 -0.02448
-0.029264 0.02648
-0.029263 0.007104
-0.029257 -0.041508
-0.029241 -0.005211
-0.029238 -0.004031
-0.029238 -0.004031
-0.029192 0.027632
-0.029181 -0.068485
-0.029163 0.001
-0.02916 -0.014378
-0.02916 0.016378
-0.029115 -0.004728
-0.029094 -0.017788
-0.029094 0.019788
-0.029063 -0.067587
-0.029049 -0.012331
-0.029049 0.014331
-0.02903 -0.039149
-0.02903 0.041149
-0.029016 0.007228
-0.029016 0.007228
-0.028998 -0.068712
-0.028997 -0.064451
-0.028997 -0.04528
-0.028942 -0.022717
-0.028935 -0.042151
-0.02888 -0.007521
-0.02888 0.009521
-0.028865 -0.00317
-0.028865 0.00517
-0.028853 -0.040748
-0.028849 -0.040741
-0.028814 -0.017259
-0.028781 -0.068304
-0.028741 -0.0316
-0.028741 0.0336
-0.028737 -0.041778
-0.028737 -0.041778
-0.028725 -0.044767
-0.028709 -0.063909
-0.028696 0.009434
-0.028684 -0.063861
-0.028657 -0.023953
-0.028657 0.025953
-0.028645 -0.044617
-0.028615 -0.044561
-0.02861 -0.009904
-0.02861 0.011904
-0.028585 -0.067935
-0.028566 0.009117
-0.028554 -0.066629
-0.028554 -0.066629
-0.028524 0.021689
-0.028404 -0.067595
-0.028396 -0.00772
-0.028396 -0.00772
-0.028388 0.026977
-0.028375 0.011554
-0.028359 -0.017316
-0.028359 0.019316
-0.028345 -0.067484
-0.028337 -0.067469
-0.028335 -0.067465
-0.028217 -0.011951
-0.028217 0.013951
-0.02821 -0.021908
-0.028207 0.001
-0.028202 -0.009008
-0.028199 -0.010019
-0.028186 -0.008405
-0.028175 -0.040722
-0.028175 -0.040722
-0.028143 -0.067104
-0.028132 -0.013839
-0.028132 0.015839
-0.028109 -0.030887
-0.028109 0.032887
-0.02806 -0.039257
-0.028058 -0.039254
-0.028056 -0.03925
-0.028056 -0.03925
-0.028039 -0.023418
-0.028039 0.025418
-0.028037 0.010861
-0.028037 0.010861
-0.028027 -0.065637
-0.028025 -0.039191
-0.027976 -0.007256
-0.027976 0.009256
-0.027956 -0.039367
-0.027956 -0.039367
-0.027956 0.041367
-0.027956 0.041367
-0.027951 -0.030199
-0.027951 0.032199
-0.02794 -0.039031
-0.02794 -0.039031
-0.027918 -0.003034
-0.027918 0.005034
-0.027905 -0.038965
-0.027905 -0.038965
-0.027882 -0.03757
-0.027882 0.03957
-0.027829 -0.038823
-0.027822 -0.009481
-0.027822 -0.009481
-0.027821 -0.062238
-0.027768 -0.042968
-0.027689 -0.039448
-0.027689 -0.039448
-0.027668 0.020962
-0.027655 -0.042755
-0.027645 -0.038477
-0.027641 -0.0619
-0.027632 -0.064895
-0.027632 -0.064895
-0.027613 -0.016836
-0.027613 0.018836
-0.027613 -0.038416
-0.027571 0.026305
-0.027569 -0.064776
-0.027569 -0.064776
-0.027529 -0.065949
-0.02752 0.041232
-0.027515 -0.061662
-0.027514 -0.03823
-0.027514 -0.03823
-0.027464 -0.030159
-0.027464 0.032159
-0.027458 -0.021091
-0.027422 -0.038629
-0.027411 -0.022873
-0.027411 0.024873
-0.027372 -0.011565
-0.027372 0.013565
-0.02734 -0.037903
-0.02734 -0.037903
-0.027329 -0.061312
-0.027321 0.013275
-0.027315 0.012794
-0.027296 -0.065512
-0.027283 -0.031683
-0.027283 0.033683
-0.027277 -0.009333
-0.027277 -0.009333
-0.027267 -0.065457
-0.027236 0.001
-0.027196 -0.038203
-0.027149 -0.027722
-0.02712 0.014468
-0.027113 -0.037476
-0.027113 -0.037476
-0.027093 -0.017798
-0.027093 0.019798
-0.027091 -0.060866
-0.02709 -0.065123
-0.027086 -0.01329
-0.027086 0.01529
-0.027058 -0.006986
-0.027058 0.008986
-0.027056 -0.011404
-0.027056 -0.011404
-0.027051 -0.037359
-0.027034 -0.060759
-0.027032 0.040566
-0.026966 -0.012062
-0.026966 -0.012062
-0.026958 -0.002896
-0.026958 0.004896
-0.026946 -0.011765
-0.026946 -0.011765
-0.026889 -0.040621
-0.026889 0.042621
-0.026868 -0.038263
-0.026868 -0.038263
-0.026866 -0.040133
-0.026866 -0.040133
-0.026863 -0.030164
-0.026863 0.032164
-0.026862 -0.041264
-0.026855 -0.016349
-0.026855 0.018349
-0.026832 -0.062509
-0.02682 -0.039056
-0.02681 -0.039036
-0.026805 -0.029415
-0.026805 0.031415
-0.026774 -0.013148
-0.026772 -0.02232
-0.026772 0.02432
-0.02676 -0.063255
-0.02676 -0.063255
-0.026734 0.025623
-0.026717 -0.036732
-0.026717 -0.036732
-0.026711 -0.04039
-0.026703 0.001
-0.026696 -0.01171
-0.026696 -0.01171
-0.026695 -0.036695
-0.026695 -0.036695
-0.02663 -0.036567
-0.026615 0.014368
-0.026615 0.014368
-0.02655 -0.026862
-0.026539 -0.040656
-0.026532 0.039882
-0.026515 -0.011173
-0.026515 0.013173
-0.026492 -0.040569
-0.026473 -0.002504
-0.026473 0.004504
-0.026452 -0.020555
-0.026448 -0.011583
-0.026428 -0.063878
-0.026417 -0.036168
-0.026388 -0.063233
-0.026364 -0.029588
-0.026364 0.031588
-0.026277 -0.059335
-0.026254 -0.059292
-0.02618 -0.036969
-0.026178 -0.061278
-0.026138 -0.017138
-0.026138 0.019138
-0.026127 -0.006713
-0.026127 0.008713
-0.026123 -0.021757
-0.026123 0.023757
-0.026085 -0.015854
-0.026085 0.017854
-0.026062 -0.036431
-0.026062 -0.036431
-0.026024 -0.039689
-0.026024 -0.063119
-0.026024 0.039178
-0.025997 -0.063068
-0.025987 -0.06305
-0.025983 -0.063042
-0.025951 0.015675
-0.025939 -0.039528
-0.025929 -0.025993
-0.025898 -0.001413
-0.025898 0.003413
-0.025888 0.015338
-0.025888 0.015338
-0.025884 0.024925
-0.025858 -0.061559
-0.025858 -0.061559
-0.025856 -0.029002
-0.025856 0.031002
-0.025841 0.016233
-0.02584 -0.062773
-0.025831 -0.036418
-0.025831 -0.036418
-0.025825 -0.038984
-0.025825 0.040984
-0.02582 0.030929
-0.025797 -0.039261
-0.025788 -0.005948
-0.025788 0.007948
-0.025726 0.016085
-0.025723 0.016988
-0.025712 -0.034583
-0.025712 0.036583
-0.025709 -0.058266
-0.025706 -0.034831
-0.025689 -0.039058
-0.025673 0.03834
-0.025645 -0.010776
-0.025645 0.012776
-0.025642 -0.03471
-0.025565 -0.057996
-0.025549 -0.034536
-0.025527 -0.036426
-0.025516 -0.062163
-0.025463 -0.021185
-0.025463 0.023185
-0.025455 -0.011454
-0.025447 -0.061464
-0.025412 -0.009954
-0.025412 -0.009954
-0.025409 -0.036435
-0.025409 -0.036435
-0.025339 -0.028405
-0.025339 0.030405
-0.025305 -0.025098
-0.025304 -0.015352
-0.025304 0.017352
-0.025272 -0.014367
-0.025272 -0.057445
-0.025171 -0.015849
-0.025165 -0.016467
-0.025165 0.018467
-0.025129 -0.03561
-0.025129 0.03761
-0.025112 0.02411
-0.025106 0.030177
-0.025096 -0.061374
-0.025082 -0.036843
-0.025082 -0.036843
-0.025047 -0.03785
-0.025023 -0.061235
-0.025011 -0.006156
-0.025011 0.008156
-0.025 -0.056933
-0.024944 -0.034645
-0.024944 -0.034645
-0.024941 -0.041334
-0.024941 -0.041334
-0.024892 -0.05886
-0.024853 -0.037485
-0.024842 0.015958
-0.024842 -0.059647
-0.024842 -0.059647
-0.024813 -0.027798
-0.024813 0.029798
-0.024794 -0.034362
-0.024794 -0.034362
-0.024792 -0.020604
-0.024792 0.022604
-0.024771 -0.056502
-0.024762 -0.010373
-0.024762 0.012373
-0.024757 -0.060736
-0.024686 -0.032912
-0.024673 -0.041979
-0.024673 0.043979
-0.024672 0.002857
-0.024672 -0.000857
-0.024669 -0.03714
-0.024669 -0.03714
-0.024669 -0.05631
-0.02466 -0.024191
-0.024659 -0.009272
-0.024659 0.011273
-0.024644 -0.032832
-0.024629 -0.020944
-0.024629 0.022944
-0.0246 -0.034844
-0.0246 0.036844
-0.024598 0.01795
-0.024598 0.01795
-0.024536 -0.032965
-0.024536 0.034965
-0.024511 -0.014843
-0.024511 0.016843
-0.024438 0.01826
-0.024437 -0.060134
-0.024427 -0.059544
-0.024391 0.018537
-0.024391 0.018537
-0.02438 0.029408
-0.024285 -0.059849
-0.024277 -0.02718
-0.024277 0.02918
-0.024254 0.01915
-0.024254 0.01915
-0.024177 -0.036215
-0.024176 0.018046
-0.024154 -0.013832
-0.024119 -0.004531
-0.024119 0.006531
-0.024119 -0.016912
-0.024119 -0.016912
-0.024111 -0.020014
-0.024111 0.022014
-0.02406 -0.03406
-0.02406 0.03606
-0.024031 -0.058122
-0.024006 0.017906
-0.023985 -0.011228
-0.023955 -0.035797
-0.023869 -0.017042
-0.023867 -0.056932
-0.023832 -0.032553
-0.023832 -0.032553
-0.023812 8e-06
-0.02376 -0.020174
-0.02376 0.022174
-0.023733 -0.026551
-0.023733 0.028551
-0.023728 -0.042002
-0.023728 -0.042002
-0.023728 0.044002
-0.023728 0.044002
-0.023719 -0.054524
-0.023717 -0.023548
-0.023707 -0.014326
-0.023707 0.016326
-0.023697 -0.040288
-0.023697 0.042288
-0.023686 -0.054461
-0.023646 -0.058646
-0.023643 0.016131
-0.023638 -0.058631
-0.023636 0.028626
-0.023634 -0.058624
-0.023632 -0.058619
-0.023624 -0.01729
-0.023624 -0.01729
-0.023618 0.004054
-0.023586 -0.016859
-0.023586 -0.016859
-0.02358 -0.030831
-0.02358 -0.030831
-0.023547 -0.009333
-0.023547 -0.009333
-0.023543 -0.030761
-0.023543 -0.030761
-0.023535 -0.031472
-0.023535 -0.031472
-0.023507 -0.033259
-0.023507 0.035259
-0.023499 -0.05411
-0.023493 -0.018131
-0.02342 -0.019415
-0.02342 0.021415
-0.023402 -0.031796
-0.023402 -0.031796
-0.0234 -0.016741
-0.02336 -0.030418
-0.02336 -0.030418
-0.023357 -0.030411
-0.023357 -0.030411
-0.023347 -0.007214
-0.023347 0.009214
-0.023334 -0.030368
-0.023322 -0.058037
-0.02331 -0.037785
-0.02331 -0.037785
-0.023304 -0.034645
-0.023304 0.036645
-0.023268 -0.010656
-0.023268 0.012656
-0.023248 -0.004
-0.023235 -0.032134
-0.023235 -0.032134
-0.023208 -0.03138
-0.023208 -0.03138
-0.023179 -0.025912
-0.023179 0.027912
-0.023164 -0.057168
-0.023118 -0.034222
-0.023106 -0.012422
-0.023106 0.014422
-0.023069 -0.053301
-0.02305 -0.029835
-0.02305 -0.029835
-0.023024 -0.053216
-0.023007 0.017565
-0.022994 -0.05316
-0.02296 -0.042447
-0.02296 -0.042447
-0.022942 -0.032441
-0.022942 0.034441
-0.02289 -0.013801
-0.02289 0.015801
-0.022888 -0.032587
-0.022888 -0.032587
-0.022881 0.027827
-0.022878 -0.052941
-0.022875 -0.01939
-0.022875 0.02139
-0.022868 -0.029493
-0.022849 -0.057148
-0.022813 -0.055833
-0.022768 -0.015898
-0.022768 -0.015898
-0.022758 0.021005
-0.022751 -0.033532
-0.022718 -0.018807
-0.022718 0.020807
-0.02267 0.007993
-0.022664 -0.010546
-0.022664 -0.010546
-0.022617 -0.025263
-0.022617 0.027263
-0.022594 -0.033237
-0.022571 -0.003661
-0.022564 -0.055363
-0.022548 -0.028891
-0.022548 -0.028891
-0.022501 -0.052232
-0.022485 0.044265
-0.022472 -0.028747
-0.022472 -0.028747
-0.022467 0.01583
-0.022428 -0.00772
-0.022428 -0.00772
-0.022428 -0.032924
-0.022428 -0.032924
-0.02239 -0.043218
-0.02239 0.045218
-0.022373 -0.051993
-0.02236 -0.005755
-0.022352 -0.056213
-0.022327 0.020421
-0.022324 0.000341
-0.022317 -0.056147
-0.022279 -0.009791
-0.022279 0.011791
-0.022216 -0.01892
-0.022216 -0.01892
-0.022202 0.026934
-0.022192 -0.054664
-0.022153 -0.03369
-0.022153 0.03569
-0.022105 0.00403
-0.022085 0.043542
-0.022081 0.033801
-0.022045 -0.024603
-0.022045 0.026603
-0.022035 -0.027926
-0.022035 -0.027926
-0.022006 -0.01819
-0.022006 0.02019
-0.021996 -0.053414
-0.021996 -0.053414
-0.021863 -0.003327
-0.021851 -0.037091
-0.021851 0.039091
-0.021812 -0.020038
-0.021806 -0.018138
-0.021803 -0.023769
-0.021803 0.025769
-0.0218 -0.050915
-0.021791 -0.053909
-0.021791 -0.053909
-0.021772 -0.01939
-0.021741 -0.033049
-0.021741 0.035049
-0.021716 -0.055017
-0.021698 -0.02854
-0.021698 -0.02854
-0.021675 0.042801
-0.021599 -0.016944
-0.021539 -0.019324
-0.021539 -0.019324
-0.021533 -0.054672
-0.021512 -0.026942
-0.021512 -0.026942
-0.021504 -0.041479
-0.021504 0.043479
-0.021495 0.015102
-0.021495 0.015102
-0.021471 -0.031124
-0.021467 0.032965
-0.021464 -0.023933
-0.021464 0.025933
-0.021322 -0.032396
-0.021322 0.034396
-0.021321 0.019698
-0.021319 -0.026579
-0.021319 -0.026579
-0.021309 -0.053681
-0.02129 -0.054215
-0.021283 -0.017563
-0.021283 0.019563
-0.021278 -0.054193
-0.021276 -0.054189
-0.021276 -0.054189
-0.021266 -0.052923
-0.021259 0.042039
-0.021213 0.007618
-0.021213 0.007618
-0.021201 -0.054048
-0.021201 -0.054048
-0.021184 -0.02024
-0.021161 -0.033503
-0.021161 -0.033503
-0.021156 -0.015341
-0.021156 0.017341
-0.021151 -0.052706
-0.021151 -0.052706
-0.021143 0.01389
-0.021143 -0.01189
-0.021137 -0.039018
-0.021137 -0.039018
-0.021091 -0.053842
-0.021051 -0.049505
-0.021033 -0.0229
-0.021033 0.0249
-0.021004 0.011682
-0.021004 0.011682
-0.021004 0.011682
-0.021 -0.05367
-0.021 -0.05367
-0.020989 -0.008143
-0.020989 -0.008143
-0.020978 0.041182
-0.020954 -0.053584
-0.02095 -0.015918
-0.020948 -0.014039
-0.020895 -0.031732
-0.020895 0.033732
-0.020877 0.01406
-0.020877 0.01406
-0.020874 -0.023252
-0.020874 0.025252
-0.020855 -0.005634
-0.020851 -0.035358
-0.020851 0.037358
-0.020844 0.032111
-0.020841 -0.020315
-0.020841 -0.020315
-0.02079 -0.026198
-0.02079 -0.026198
-0.020749 -0.048938
-0.020727 -0.014759
-0.020727 0.016759
-0.020705 0.012857
-0.020698 -0.048842
-0.020691 -0.051841
-0.020659 0.022743
-0.020659 0.022743
-0.020656 -0.026171
-0.020656 -0.026171
-0.020623 -0.052961
-0.020616 -0.048688
-0.020549 -0.016928
-0.020549 0.018928
-0.020536 0.009305
-0.020532 -0.038389
-0.020532 0.040389
-0.020525 0.01626
-0.020525 0.01626
-0.020489 -0.013814
-0.020489 -0.013814
-0.020484 0.023342
-0.02046 -0.031056
-0.02046 0.033056
-0.020457 0.020646
-0.020455 -0.009286
-0.020455 -0.004645
-0.020455 -5e-06
-0.020455 0.004636
-0.020424 -0.026155
-0.020418 0.016147
-0.020418 0.016147
-0.020414 -0.043708
-0.020414 -0.043708
-0.02039 -0.052523
-0.02037 0.022816
-0.02037 0.022816
-0.020344 0.011335
-0.020344 0.011335
-0.020325 -0.02897
-0.020275 -0.02256
-0.020275 0.02456
-0.02025 -0.022016
-0.02025 0.024016
-0.02024 0.022595
-0.02024 0.022595
-0.020205 0.031242
-0.020171 -0.021627
-0.020109 -0.026186
-0.020109 -0.026186
-0.0201 -0.037564
-0.0201 0.039564
-0.02006 0.023033
-0.02006 0.023033
-0.020045 -0.044337
-0.020045 0.046337
-0.020042 0.022399
-0.020018 -0.030368
-0.020018 0.032368
-0.019957 -0.015219
-0.019821 -0.047193
-0.019806 -0.013874
-0.019806 0.015874
-0.019768 -0.026698
-0.019768 -0.026698
-0.019742 -0.008888
-0.019742 -0.003944
-0.019742 0.001
-0.019742 0.005944
-0.019742 0.010888
-0.019708 -0.04698
-0.019703 -0.049101
-0.019678 0.010981
-0.019678 0.010981
-0.019678 0.010981
-0.019666 -0.021859
-0.019666 0.023859
-0.019657 -0.036721
-0.019657 0.038721
-0.019614 0.021495
-0.019569 -0.029669
-0.019569 0.031669
-0.019557 0.030355
-0.019316 -0.014511
-0.019316 0.016511
-0.019306 -0.027053
-0.019306 -0.027053
-0.019289 -0.050452
-0.019287 -0.021697
-0.019258 0.013758
-0.019258 0.013758
-0.019255 -0.044197
-0.019255 -0.044197
-0.019255 0.046197
-0.019255 0.046197
-0.019251 -0.042554
-0.019251 0.044554
-0.019205 -0.03586
-0.019205 0.03786
-0.01912 -0.02209
-0.019112 -0.028957
-0.019112 0.030957
-0.019049 -0.021146
-0.019049 0.023146
-0.019007 -0.037126
-0.019007 0.039126
-0.018979 0.029394
-0.018975 -0.049291
-0.018946 -0.049806
-0.018944 0.020167
-0.018934 -0.049784
-0.018927 -0.049772
-0.018924 -0.049766
-0.018921 -0.04976
-0.018921 -0.04976
-0.018915 -0.045489
-0.018896 -0.034802
-0.018896 -0.034802
-0.01884 -0.017981
-0.01884 0.019981
-0.018824 -0.049578
-0.018775 -0.014953
-0.018743 -0.03498
-0.018743 0.03698
-0.01874 -0.049419
-0.01874 -0.049419
-0.018657 -0.026234
-0.018657 0.028234
-0.018647 -0.028234
-0.018647 0.030234
-0.018628 -0.049208
-0.018628 -0.049208
-0.01858 -0.044858
-0.018546 -0.044794
-0.018492 -0.047704
-0.018492 -0.047704
-0.018468 0.024355
-0.018468 0.024355
-0.018423 -0.020423
-0.018423 0.022423
-0.01841 -0.013461
-0.01841 -0.013461
-0.01841 -0.013461
-0.01834 -0.040384
-0.01834 -0.040384
-0.018293 -0.047331
-0.018293 -0.047331
-0.018215 0.024803
-0.018196 -0.044879
-0.018175 -0.0275
-0.018175 0.0295
-0.018173 0.021917
-0.018173 0.021917
-0.018159 0.023882
-0.018132 0.025303
-0.018078 -0.043914
-0.018027 0.036209
-0.017998 -0.025278
-0.017998 0.027278
-0.017997 -0.027638
-0.017997 -0.027638
-0.017994 -0.043756
-0.017993 -0.043754
-0.017945 -0.022751
-0.017945 -0.022751
-0.017888 0.019121
-0.017888 0.019121
-0.017811 -0.023541
-0.017804 -0.044818
-0.017804 -0.044818
-0.017787 -0.01969
-0.017787 0.02169
-0.017779 -0.047611
-0.017749 -0.039181
-0.017749 0.041181
-0.017736 -0.04327
-0.017731 -0.046275
-0.017731 -0.046275
-0.017696 -0.026754
-0.017696 0.028754
-0.017644 -0.045331
-0.017644 0.047331
-0.017641 0.024974
-0.017578 -0.015161
-0.017578 -0.015161
-0.017524 0.035303
-0.0175 -0.014695
-0.0175 -0.014695
-0.017476 -0.018325
-0.017476 0.020325
-0.017457 -0.016591
-0.017457 0.018591
-0.017374 -0.046851
-0.017371 -0.046844
-0.017327 -0.024306
-0.017327 0.026306
-0.017208 -0.025996
-0.017208 0.027996
-0.017122 0.04667
-0.017108 -0.04422
-0.017108 -0.04422
-0.0171 -0.042075
-0.017097 -0.0442
-0.017013 0.034377
-0.017006 0.020335
-0.016989 -0.036509
-0.016989 0.038509
-0.016971 0.025445
-0.016971 0.025445
-0.016945 -0.043509
-0.016945 0.045509
-0.016935 -0.037353
-0.016935 0.039353
-0.016905 -0.041709
-0.016848 -0.045062
-0.016848 -0.045062
-0.016816 0.045903
-0.016723 -0.041365
-0.016723 -0.041365
-0.016714 -0.025226
-0.016714 0.027226
-0.016673 -0.035816
-0.016673 0.037816
-0.016581 -0.04536
-0.016578 -0.045353
-0.016578 -0.045353
-0.016575 -0.045349
-0.016575 -0.045349
-0.016553 -0.015809
-0.016553 -0.015809
-0.016553 -0.015809
-0.016536 -0.045274
-0.016503 0.045116
-0.016492 -0.024018
-0.016489 0.033434
-0.016417 -0.04448
-0.016412 -0.045041
-0.016403 -0.040765
-0.016402 -0.045023
-0.016402 -0.045023
-0.016367 -0.043708
-0.016367 -0.043708
-0.016362 -0.044947
-0.016362 -0.044947
-0.016351 -0.035111
-0.016351 0.037111
-0.016212 -0.024445
-0.016212 0.026445
-0.016201 -0.020296
-0.016201 0.022296
-0.016191 -0.044055
-0.016185 0.044308
-0.016135 -0.04452
-0.016118 -0.041565
-0.016118 -0.041565
-0.016096 -0.044447
-0.016095 -0.041995
-0.016095 -0.041995
-0.016023 -0.034392
-0.016023 0.036392
-0.015992 -0.036202
-0.015992 -0.036202
-0.015991 -0.039988
-0.015975 0.043437
-0.015967 -0.044203
-0.015967 -0.044203
-0.015958 0.032473
-0.015912 -0.024138
-0.015774 -0.028931
-0.015774 -0.028931
-0.015766 -0.043827
-0.015736 -0.042522
-0.015736 -0.042522
-0.015702 -0.023652
-0.015702 0.025652
-0.015689 -0.016704
-0.015689 -0.016704
-0.015689 -0.033661
-0.015689 0.035661
-0.015634 -0.040593
-0.015634 0.042593
-0.015631 0.026996
-0.01557 -0.043458
-0.015565 -0.043449
-0.015565 -0.043449
-0.015507 -0.025071
-0.015487 0.031456
-0.015473 0.018275
-0.015473 0.018275
-0.015468 -0.016917
-0.015468 -0.016917
-0.015461 -0.041553
-0.015461 -0.041553
-0.01545 -0.012486
-0.01545 -0.008077
-0.01545 -0.003667
-0.01545 0.000743
-0.01545 0.005152
-0.01545 0.009562
-0.01545 0.013971
-0.015407 -0.041643
-0.015377 -0.01845
-0.015377 0.02045
-0.015349 -0.032918
-0.015349 0.034918
-0.015304 -0.039723
-0.015304 0.041723
-0.015273 -0.041882
-0.015273 -0.041882
-0.015238 -0.028301
-0.015238 0.030301
-0.015216 -0.042791
-0.015195 -0.046199
-0.015195 0.048199
-0.015185 -0.022847
-0.015185 0.024847
-0.015171 -0.042108
-0.015171 -0.042108
-0.015159 -0.038424
-0.015157 -0.042681
-0.015157 -0.042681
-0.015149 -0.042665
-0.015149 -0.042665
-0.015127 0.019769
-0.015084 0.01827
-0.015084 0.01827
-0.015078 0.026891
-0.015004 -0.032161
-0.015004 0.034161
-0.01497 -0.038069
-0.014966 -0.038833
-0.014966 0.040833
-0.014939 -0.042271
-0.014792 -0.024805
-0.014792 -0.024805
-0.014777 -0.018914
-0.014777 0.020914
-0.014737 -0.01389
-0.014737 -0.008926
-0.014737 -0.003963
-0.014737 0.001
-0.014737 0.005963
-0.014737 0.010926
-0.014737 0.01589
-0.014698 -0.027273
-0.014698 0.029273
-0.01466 -0.022031
-0.01466 0.024031
-0.014653 -0.031392
-0.014653 0.033392
-0.014644 -0.037455
-0.014621 -0.037923
-0.014621 0.039923
-0.014594 0.026917
-0.014592 -0.044342
-0.014592 0.046342
-0.014583 -0.045927
-0.014583 -0.045927
-0.014583 0.047927
-0.014583 0.047927
-0.014481 -0.03715
-0.014481 -0.03715
-0.014451 -0.039091
-0.014451 0.041091
-0.014395 -0.040001
-0.014395 -0.040001
-0.014296 -0.030611
-0.014296 0.032611
-0.014286 -0.039794
-0.014286 -0.039794
-0.014269 -0.036994
-0.014269 0.038994
-0.014228 -0.040934
-0.014156 -0.040799
-0.014149 -0.026226
-0.014149 0.028226
-0.014108 -0.040709
-0.013933 -0.029816
-0.013933 0.031816
-0.013799 -0.037367
-0.013799 -0.037367
-0.013777 -0.025358
-0.013723 0.027386
-0.013723 0.027386
-0.013715 0.038118
-0.013661 -0.035608
-0.013626 -0.021233
-0.013626 0.023233
-0.013564 -0.029009
-0.013564 0.031009
-0.013558 -0.018534
-0.013558 -0.018534
-0.013451 -0.040831
-0.013451 0.042831
-0.01333 0.037156
-0.013315 -0.037968
-0.013315 -0.037968
-0.013281 -0.022247
-0.013281 0.024247
-0.013237 0.020312
-0.013202 -0.039004
-0.01319 -0.02819
-0.01319 0.03019
-0.013152 -0.026347
-0.013141 -0.03889
-0.013114 -0.025938
-0.013088 -0.037332
-0.013088 -0.037332
-0.012978 -0.037302
-0.012978 -0.037302
-0.01297 0.028434
-0.01294 0.036173
-0.012883 -0.030297
-0.012883 -0.030297
-0.012833 -0.038928
-0.012833 0.040928
-0.01281 -0.027358
-0.01281 0.029358
-0.012775 -0.020267
-0.012775 0.022267
-0.012704 -0.046936
-0.012704 0.048936
-0.012625 -0.036671
-0.01254 0.035172
-0.012474 -0.033375
-0.012467 -0.037144
-0.012467 -0.037144
-0.012424 -0.026513
-0.012424 0.028513
-0.012383 -0.019357
-0.012383 -0.019357
-0.012199 -0.045051
-0.012199 0.047051
-0.012134 0.034151
-0.012053 -0.036843
-0.012053 -0.036843
-0.012033 -0.025655
-0.012033 0.027655
-0.011986 -0.036718
-0.011986 -0.036718
-0.011882 -0.036522
-0.011878 -0.036515
-0.011878 -0.036515
-0.011878 -0.036515
-0.011856 -0.036473
-0.011842 0.021699
-0.011842 0.021699
-0.011842 0.021699
-0.011776 0.03309
-0.011681 0.019589
-0.011681 0.019589
-0.011635 -0.024785
-0.011635 0.026785
-0.011594 -0.029941
-0.011594 0.031941
-0.011509 0.048413
-0.011492 -0.035789
-0.011492 -0.035789
-0.011477 -0.038565
-0.011477 0.040565
-0.011401 -0.026468
-0.011401 -0.026468
-0.011359 -0.031278
-0.011359 -0.031278
-0.011348 -0.035516
-0.011302 0.047614
-0.011277 0.02876
-0.011262 -0.037834
-0.011262 0.039834
-0.011253 -0.026529
-0.011232 -0.023903
-0.011232 0.025903
-0.011182 -0.028855
-0.011182 0.030855
-0.011097 -0.033797
-0.011097 -0.033797
-0.01109 0.046794
-0.011044 -0.03709
-0.011044 0.03909
-0.010987 -0.034839
-0.010987 -0.034839
-0.010984 -0.046539
-0.010973 0.028642
-0.010908 -0.03469
-0.010892 0.022246
-0.010892 0.022246
-0.010876 0.045953
-0.010821 -0.036332
-0.010821 0.038332
-0.010763 -0.02775
-0.010763 0.02975
-0.010736 0.045072
-0.010717 -0.045754
-0.010698 -0.027409
-0.010657 -0.021417
-0.010657 0.023417
-0.010602 -0.031484
-0.010602 -0.031484
-0.010595 -0.035561
-0.010595 0.037561
-0.010571 -0.020417
-0.010571 -0.020417
-0.010505 -0.042192
-0.010505 0.044192
-0.010501 -0.033925
-0.010472 -0.033869
-0.010472 -0.033869
-0.010445 -0.015479
-0.010445 -0.010824
-0.010445 -0.00617
-0.010445 -0.001516
-0.010445 0.003138
-0.010445 0.007793
-0.010445 0.012447
-0.010445 0.017101
-0.010445 -0.044947
-0.010364 -0.034777
-0.010364 0.036777
-0.010348 -0.043166
-0.010282 -0.041288
-0.010282 0.043288
-0.010281 0.028908
-0.010281 0.028908
-0.010202 0.02163
-0.010178 -0.047543
-0.010178 0.049543
-0.010166 -0.044121
-0.010157 0.029609
-0.010132 -0.0238
-0.010132 0.0258
-0.01013 -0.033979
-0.01013 0.035979
-0.010106 -0.020652
-0.010106 -0.020652
-0.010055 -0.040363
-0.010055 0.042363
-0.009946 -0.032881
-0.009946 -0.032881
-0.009892 -0.033168
-0.009892 0.035168
-0.009883 -0.031383
-0.009883 -0.031383
-0.009869 0.022766
-0.009869 0.022766
-0.009845 -0.031437
-0.009845 -0.031437
-0.009822 -0.039419
-0.009822 0.041419
-0.009785 -0.021817
-0.009785 0.023817
-0.009772 -0.045634
-0.009772 0.047634
-0.00976 -0.047176
-0.00976 -0.047176
-0.00976 0.049176
-0.00976 0.049176
-0.009732 -0.017103
-0.009732 -0.012577
-0.009732 -0.008051
-0.009732 -0.003526
-0.009732 0.001
-0.009732 0.005526
-0.009732 0.010051
-0.009732 0.014577
-0.009732 0.019103
-0.009709 -0.032435
-0.009709 -0.032435
-0.009698 -0.040514
-0.009698 0.042514
-0.009672 -0.031785
-0.00965 -0.032343
-0.00965 0.034343
-0.009648 -0.031876
-0.009584 -0.038453
-0.009584 0.040453
-0.009404 -0.031506
-0.009404 0.033506
-0.009306 -0.023384
-0.009306 0.025384
-0.009207 0.039501
-0.009154 -0.030654
-0.009154 0.032654
-0.009004 0.044022
-0.009004 -0.042022
-0.008947 0.038498
-0.0089 -0.02979
-0.0089 0.03179
-0.008764 -0.027664
-0.008683 0.037475
-0.008642 -0.028912
-0.008642 0.030912
-0.008588 -0.040065
-0.008588 0.042065
-0.008413 0.036431
-0.008381 -0.028021
-0.008381 0.030021
-0.008203 0.023475
-0.008203 0.023475
-0.008155 -0.028253
-0.008139 0.035368
-0.008115 -0.027117
-0.008115 0.029117
-0.008091 -0.021517
-0.008091 -0.021517
-0.008016 -0.037771
-0.007898 0.034274
-0.007846 -0.026199
-0.007846 0.028199
-0.007832 -0.027704
-0.007832 -0.027704
-0.007779 -0.03113
-0.007779 0.03313
-0.007676 -0.036783
-0.007623 -0.048016
-0.007623 0.050016
-0.007572 -0.025268
-0.007572 0.027268
-0.007501 -0.030002
-0.007501 0.032002
-0.007364 -0.022723
-0.007364 0.024723
-0.007339 -0.035774
-0.007318 -0.027843
-0.007317 -0.046089
-0.007317 0.048089
-0.007218 -0.028855
-0.007218 0.030855
-0.00714 0.030522
-0.006985 -0.034746
-0.006807 -0.024928
-0.006807 0.026929
-0.006667 0.030006
-0.006667 0.030006
-0.006632 -0.033696
-0.006625 0.030245
-0.006586 0.030084
-0.006572 0.030028
-0.006465 -0.032588
-0.00632 -0.022087
-0.00632 -0.022087
-0.005728 -0.039816
-0.005728 0.041816
-0.005727 0.04947
-0.005622 0.048651
-0.005619 -0.039062
-0.005619 0.041062
-0.00554 0.024285
-0.00554 0.024285
-0.005524 -0.028874
-0.005516 0.04781
-0.005509 -0.038294
-0.005509 0.040294
-0.005499 -0.022295
-0.005499 -0.022295
-0.005459 -0.047501
-0.00544 -0.017536
-0.00544 -0.012934
-0.00544 -0.008331
-0.00544 -0.003729
-0.00544 0.000873
-0.00544 0.005475
-0.00544 0.010077
-0.00544 0.01468
-0.00544 0.019282
-0.005408 0.046949
-0.005397 -0.037512
-0.005397 0.039512
-0.005338 0.046062
-0.005324 -0.046686
-0.005282 -0.036717
-0.005282 0.038717
-0.005221 -0.04316
-0.005221 0.04516
-0.005186 -0.045849
-0.005166 -0.035908
-0.005166 0.037908
-0.005139 -0.044086
-0.005109 -0.042236
-0.005109 0.044236
-0.005048 -0.035085
-0.005048 0.037085
-0.005047 -0.048356
-0.005047 0.050356
-0.005046 -0.044992
-0.004994 -0.041291
-0.004994 0.043291
-0.004927 -0.034248
-0.004927 0.036248
-0.004877 -0.040325
-0.004877 0.042325
-0.004855 -0.023375
-0.004855 0.025375
-0.004843 -0.046414
-0.004843 0.048414
-0.004835 -0.04793
-0.004835 -0.04793
-0.004835 0.04993
-0.004835 0.04993
-0.004812 -0.041376
-0.004812 0.043376
-0.004805 -0.033397
-0.004805 0.035397
-0.004757 -0.039338
-0.004757 0.041338
-0.004727 -0.018017
-0.004727 -0.013263
-0.004727 -0.008508
-0.004727 -0.003754
-0.004727 0.001
-0.004727 0.005754
-0.004727 0.010508
-0.004727 0.015263
-0.004727 0.020017
-0.004681 -0.032533
-0.004681 0.034533
-0.004664 -0.024704
-0.004664 0.026704
-0.004567 0.040339
-0.004555 -0.022493
-0.004555 -0.022493
-0.004555 -0.022493
-0.004555 -0.031655
-0.004555 0.033655
-0.004457 0.044743
-0.004457 -0.042743
-0.004436 0.039311
-0.004426 -0.030763
-0.004426 0.032763
-0.004303 0.038263
-0.004296 0.02454
-0.004296 0.02454
-0.004296 -0.029858
-0.004296 0.031858
-0.004248 -0.040753
-0.004248 0.042753
-0.004167 0.037194
-0.004164 -0.028938
-0.004164 0.030938
-0.004153 -0.028495
-0.004153 -0.028495
-0.004107 -0.028724
-0.00403 -0.028005
-0.00403 0.030005
-0.004028 0.036104
-0.00396 -0.038407
-0.003907 0.034991
-0.003894 -0.027059
-0.003894 0.029059
-0.003879 0.030757
-0.003848 -0.03185
-0.003848 0.03385
-0.003788 -0.037383
-0.003781 0.031152
-0.003756 -0.026098
-0.003756 0.028098
-0.003708 -0.030697
-0.003708 0.032697
-0.003618 -0.036338
-0.003566 -0.029524
-0.003566 0.031524
-0.003451 -0.028594
-0.00344 -0.035273
-0.003422 -0.022673
-0.003422 -0.022673
-0.003363 -0.025614
-0.003363 0.027614
-0.003261 -0.034187
-0.003178 -0.03307
-0.002946 0.030654
-0.002946 0.030654
-0.002771 -0.029266
-0.002457 -0.048559
-0.002457 0.050559
-0.002378 -0.023754
-0.002378 0.025754
-0.002354 -0.04661
-0.002354 0.04861
-0.002332 -0.022789
-0.002332 -0.022789
-0.002332 -0.022789
-0.001693 0.02483
-0.001693 0.02483
-0.001674 0.030771
-0.001412 0.031
-0.001222 -0.020987
-0.001222 -0.020987
-0.000435 -0.016611
-0.000435 -0.012027
-0.000435 -0.007443
-0.000435 -0.002859
-0.000435 0.001725
-0.000435 0.006309
-0.000435 0.010893
-0.000435 0.015477
-0.000435 0.020061
-0.000413 0.024857
-0.000413 0.024857
-0.000391 -0.020982
-0.000391 -0.020982
-0.000388 -0.022487
-0.000388 -0.022487
-0.000384 -0.028835
-0.000384 -0.028835
-0.000259 0.024855
-0.000259 0.024855
0.00014 -0.029052
0.00014 -0.029267
0.000141 -0.048627
0.000141 -0.048182
0.000141 -0.048182
0.000141 -0.047824
0.000141 -0.046998
0.000141 -0.046675
0.000141 -0.046151
0.000141 -0.045283
0.000141 -0.044394
0.000141 -0.043484
0.000141 -0.042984
0.000141 -0.042553
0.000141 -0.041664
0.000141 -0.041601
0.000141 -0.040983
0.000141 -0.040628
0.000141 -0.040236
0.000141 -0.039991
0.000141 -0.039634
0.000141 -0.039474
0.000141 -0.038698
0.000141 -0.038619
0.000141 -0.037908
0.000141 -0.037584
0.000141 -0.037105
0.000141 -0.036527
0.000141 -0.036287
0.000141 -0.035456
0.000141 -0.035449
0.000141 -0.03461
0.000141 -0.034351
0.000141 -0.033948
0.000141 -0.033751
0.000141 -0.033231
0.000141 -0.032878
0.000141 -0.032091
0.000141 -0.031991
0.000141 -0.03109
0.000141 -0.03093
0.000141 -0.030175
0.000141 -0.029749
0.000141 -0.029406
0.000141 -0.029246
0.000141 -0.028304
0.000141 -0.027347
0.000141 -0.026377
0.000141 -0.025843
0.000141 -0.02515
0.000141 -0.023882
0.000141 0.025882
0.000141 0.02715
0.000141 0.027843
0.000141 0.028377
0.000141 0.029347
0.000141 0.030304
0.000141 0.031246
0.000141 0.031406
0.000141 0.031749
0.000141 0.032175
0.000141 0.03293
0.000141 0.03309
0.000141 0.033991
0.000141 0.034091
0.000141 0.034878
0.000141 0.035231
0.000141 0.035751
0.000141 0.035948
0.000141 0.036351
0.000141 0.03661
0.000141 0.037449
0.000141 0.037456
0.000141 0.038287
0.000141 0.038527
0.000141 0.039105
0.000141 0.039584
0.000141 0.039908
0.000141 0.040619
0.000141 0.040698
0.000141 0.041474
0.000141 0.041634
0.000141 0.041991
0.000141 0.042236
0.000141 0.042628
0.000141 0.042983
0.000141 0.043601
0.000141 0.043664
0.000141 0.044553
0.000141 0.044984
0.000141 0.045484
0.000141 0.046394
0.000141 0.047283
0.000141 0.048151
0.000141 0.048675
0.000141 0.048998
0.000141 0.049824
0.000141 0.050182
0.000141 0.050182
0.000141 0.050627
0.000146 -0.028898
0.000152 -0.028845
0.000278 -0.018881
0.000278 -0.01391
0.000278 -0.00894
0.000278 -0.00397
0.000278 0.001
0.000278 0.00597
0.000278 0.01094
0.000278 0.01591
0.000278 0.020881
0.000284 -0.023882
0.000284 0.025882
0.000812 0.030845
0.000812 0.030845
0.00146 -0.023159
0.00146 -0.023159
0.001467 -0.028832
0.001467 -0.028832
0.001495 -0.028268
0.001495 -0.028268
0.001902 -0.028816
0.002126 0.024684
0.002126 0.024684
0.002222 -0.028997
0.002307 -0.02192
0.002307 -0.02192
0.002387 0.03079
0.002636 -0.04661
0.002636 0.04861
0.002648 -0.024721
0.002648 -0.024721
0.002662 -0.026687
0.002662 -0.026687
0.002738 -0.048559
0.002738 0.050559
0.002866 0.030952
0.002871 -0.023732
0.002871 0.025732
0.003121 0.03126
0.003121 -0.02926
0.003533 -0.028699
0.003533 -0.028699
0.003644 -0.025614
0.003644 0.027614
0.003766 0.024411
0.003766 0.024411
0.003847 -0.029524
0.003847 0.031524
0.003891 -0.028175
0.00391 -0.028705
0.00391 -0.028705
0.003936 -0.02845
0.003989 -0.030697
0.003989 0.032697
0.004037 -0.026098
0.004037 0.028098
0.004074 -0.024257
0.004074 -0.024257
0.004076 -0.027191
0.004129 -0.03185
0.004129 0.03385
0.004175 -0.027059
0.004175 0.029059
0.004187 -0.028816
0.004187 -0.028816
0.004267 -0.032982
0.004267 0.034982
0.004311 -0.028005
0.004311 0.030005
0.004315 -0.025724
0.004402 -0.034093
0.004402 0.036093
0.004445 -0.028938
0.004445 0.030938
0.004529 -0.040753
0.004529 0.042753
0.004534 -0.035183
0.004534 0.037183
0.00457 -0.022461
0.00457 -0.017824
0.00457 -0.013187
0.00457 -0.00855
0.00457 -0.003913
0.00457 0.000724
0.00457 0.005361
0.00457 0.009998
0.00457 0.014635
0.00457 0.019272
0.004577 -0.029858
0.004577 0.031858
0.004586 0.030577
0.004586 0.030577
0.004592 -0.027113
0.004622 0.024216
0.004622 0.024216
0.004622 0.024216
0.004664 -0.036253
0.004664 0.038253
0.004707 -0.030763
0.004707 0.032763
0.004738 0.044743
0.004738 -0.042743
0.004791 -0.037302
0.004791 0.039302
0.004836 -0.031655
0.004836 0.033655
0.004916 -0.03833
0.004916 0.04033
0.004946 -0.024704
0.004946 0.026704
0.004962 -0.032533
0.004962 0.034533
0.004976 0.024489
0.004976 0.024489
0.005038 -0.039338
0.005038 0.041338
0.005086 -0.033397
0.005086 0.035397
0.005094 -0.041376
0.005094 0.043376
0.005116 -0.04793
0.005116 -0.04793
0.005116 0.04993
0.005116 0.04993
0.005124 -0.046414
0.005124 0.048414
0.005158 -0.040325
0.005158 0.042325
0.005187 0.024067
0.005187 0.024067
0.005208 -0.034248
0.005208 0.036248
0.005276 -0.041291
0.005276 0.043291
0.005283 -0.017966
0.005283 -0.013225
0.005283 -0.008483
0.005283 -0.003742
0.005283 0.001
0.005283 0.005742
0.005283 0.010483
0.005283 0.015225
0.005283 0.019966
0.005328 -0.048356
0.005328 0.050356
0.005329 -0.035085
0.005329 0.037085
0.00539 -0.042236
0.00539 0.044236
0.005415 -0.023317
0.005415 0.025317
0.005447 -0.035908
0.005447 0.037908
0.005503 -0.04316
0.005503 0.04516
0.005563 -0.036717
0.005563 0.038717
0.005612 -0.044063
0.005612 0.046063
0.005678 -0.037512
0.005678 0.039512
0.005719 -0.044946
0.005719 0.046946
0.005734 0.030185
0.005734 0.030185
0.00579 -0.038294
0.00579 0.040294
0.005824 -0.045807
0.005824 0.047807
0.005855 0.030381
0.005901 -0.039062
0.005901 0.041062
0.005926 -0.046648
0.005926 0.048648
0.006009 -0.039816
0.006009 0.041816
0.006026 -0.047468
0.006026 0.049468
0.006066 0.025025
0.006066 0.025025
0.006072 0.030822
0.006073 -0.028822
0.006463 0.030445
0.006519 0.030257
0.006519 0.030257
0.006646 0.029383
0.006646 0.029383
0.006648 0.023603
0.006648 0.023603
0.006648 0.023603
0.006648 0.023603
0.006726 -0.026692
0.006867 0.025934
0.006867 0.025934
0.006903 -0.027918
0.007088 -0.024928
0.007088 0.026929
0.007181 0.028296
0.007258 0.027084
0.007258 0.027084
0.007499 -0.028855
0.007499 0.030855
0.007598 -0.046089
0.007598 0.048089
0.007782 -0.030002
0.007782 0.032002
0.007853 -0.025268
0.007853 0.027268
0.007904 -0.048016
0.007904 0.050016
0.007916 -0.022636
0.007916 0.024636
0.007927 -0.023704
0.00806 -0.03113
0.00806 0.03313
0.008127 -0.026199
0.008127 0.028199
0.008161 -0.021111
0.008161 -0.021111
0.008161 -0.021111
0.008333 -0.032237
0.008333 0.034237
0.008362 0.025562
0.008362 0.025562
0.008396 -0.027117
0.008396 0.029117
0.008601 -0.033323
0.008601 0.035323
0.008616 0.029765
0.008616 0.029765
0.008662 -0.028021
0.008662 0.030021
0.008741 0.028134
0.008741 0.028134
0.008758 0.029192
0.008838 0.029394
0.008863 -0.03439
0.008863 0.03639
0.008869 -0.040065
0.008869 0.042065
0.008924 -0.028912
0.008924 0.030912
0.00896 0.029709
0.008967 0.030097
0.008967 -0.028097
0.009121 -0.035436
0.009121 0.037436
0.009131 -0.026008
0.009131 -0.026008
0.009181 -0.02979
0.009181 0.03179
0.009238 0.02975
0.009238 0.02975
0.009285 0.044022
0.009285 -0.042022
0.009355 -0.023126
0.009355 -0.023126
0.009374 -0.036462
0.009374 0.038462
0.009435 -0.030654
0.009435 0.032654
0.009468 -0.02192
0.009468 -0.02192
0.009575 -0.015552
0.009575 -0.010732
0.009575 -0.005912
0.009575 -0.001092
0.009575 0.003728
0.009575 0.008548
0.009575 0.013368
0.009575 0.018187
0.009575 0.023007
0.009575 0.023007
0.009584 0.027852
0.009587 -0.023384
0.009587 0.025384
0.009616 -0.020627
0.009616 -0.020627
0.009622 -0.037468
0.009622 0.039468
0.009679 -0.027607
0.009679 -0.027607
0.009685 -0.031506
0.009685 0.033506
0.009688 -0.0206
0.009688 -0.0206
0.009714 -0.024286
0.00974 -0.026873
0.009794 -0.027084
0.009865 -0.038453
0.009865 0.040453
0.00988 -0.02741
0.009931 -0.032343
0.009931 0.034343
0.00998 -0.040514
0.00998 0.042514
0.010035 -0.020845
0.010035 -0.020845
0.010041 -0.047176
0.010041 -0.047176
0.010041 0.049176
0.010053 -0.045634
0.010053 0.047634
0.010103 -0.039419
0.010103 0.041419
0.010173 -0.033168
0.010173 0.035168
0.010191 -0.027253
0.010191 -0.027253
0.010288 -0.017052
0.010288 -0.012539
0.010288 -0.008026
0.010288 -0.003513
0.010288 0.001
0.010288 0.005513
0.010288 0.010026
0.010288 0.014539
0.010288 0.019052
0.010327 -0.021701
0.010327 0.023701
0.010336 -0.040363
0.010336 0.042363
0.010411 -0.033979
0.010411 0.035979
0.010413 -0.0238
0.010413 0.0258
0.010459 -0.047543
0.010459 0.049543
0.010488 -0.025221
0.010563 -0.041288
0.010563 0.043288
0.010646 -0.034777
0.010646 0.036777
0.010786 -0.042192
0.010786 0.044192
0.010876 -0.035561
0.010876 0.037561
0.010938 -0.021417
0.010938 0.023417
0.010968 -0.020071
0.010968 -0.020071
0.011004 -0.043075
0.011004 0.045075
0.011044 -0.02775
0.011044 0.02975
0.011102 -0.036332
0.011102 0.038332
0.011182 0.027236
0.011217 -0.043938
0.011217 0.045938
0.011325 -0.03709
0.011325 0.03909
0.011425 -0.044781
0.011425 0.046781
0.011463 -0.028855
0.011463 0.030855
0.011513 -0.023903
0.011513 0.025903
0.011543 -0.037834
0.011543 0.039834
0.01156 -0.025786
0.011627 -0.045603
0.011627 0.047603
0.011667 0.028369
0.011758 -0.038565
0.011758 0.040565
0.011776 0.029092
0.011776 -0.027092
0.011804 0.023745
0.011804 0.023745
0.011825 -0.046405
0.011825 0.048405
0.01186 0.020816
0.01186 0.020816
0.011875 -0.029941
0.011875 0.031941
0.011916 -0.024785
0.011916 0.026785
0.012177 -0.026418
0.012177 -0.026418
0.012269 -0.01943
0.012269 -0.01943
0.012276 -0.026564
0.012279 -0.031007
0.012279 0.033007
0.012314 -0.025655
0.012314 0.027655
0.012472 0.025073
0.01248 -0.045051
0.01248 0.047051
0.012676 -0.032053
0.012676 0.034053
0.0127 -0.026171
0.012705 -0.026513
0.012705 0.028513
0.01277 -0.025899
0.01277 -0.025899
0.012985 -0.046936
0.012985 0.048936
0.013066 -0.033081
0.013066 0.035081
0.013091 -0.027358
0.013091 0.029358
0.013114 -0.038928
0.013114 0.040928
0.013195 -0.020182
0.013195 0.022182
0.013231 0.023283
0.013231 0.023283
0.013273 0.02132
0.013448 -0.034088
0.013448 0.036088
0.013471 -0.02819
0.013471 0.03019
0.013527 0.02612
0.013562 -0.022247
0.013562 0.024247
0.013732 -0.040831
0.013732 0.042831
0.013822 -0.035076
0.013822 0.037076
0.013845 -0.029009
0.013845 0.031009
0.013907 -0.021233
0.013907 0.023233
0.013929 -0.025541
0.013929 -0.025541
0.014167 0.017987
0.01419 -0.036045
0.01419 0.038045
0.014214 -0.029816
0.014214 0.031816
0.014255 0.026808
0.014374 0.019691
0.014374 0.019691
0.014374 0.024881
0.014374 0.024881
0.014381 0.027057
0.014381 0.027057
0.014392 0.0275
0.014392 0.0275
0.01443 -0.026226
0.01443 0.028226
0.014474 0.027816
0.014474 -0.025816
0.014486 -0.018064
0.014486 -0.018064
0.014542 0.017779
0.014542 0.017779
0.01455 -0.036994
0.01455 0.038994
0.01455 0.027248
0.01455 0.027248
0.014577 -0.030611
0.014577 0.032611
0.01458 -0.013295
0.01458 -0.008838
0.01458 -0.004382
0.01458 7.5e-05
0.01458 0.004532
0.01458 0.008988
0.01458 0.013445
0.01468 -0.017926
0.01468 -0.017926
0.014733 -0.039091
0.014733 0.041091
0.014852 0.027021
0.014852 0.027021
0.014864 -0.045927
0.014864 -0.045927
0.014864 0.047927
0.014864 0.047927
0.014873 -0.044342
0.014873 0.046342
0.014902 -0.037923
0.014902 0.039923
0.014934 -0.031392
0.014934 0.033392
0.014942 -0.022031
0.014942 0.024031
0.014979 -0.027273
0.014979 0.029273
0.015247 -0.038833
0.015247 0.040833
0.015285 -0.032161
0.015285 0.034161
0.015293 -0.01376
0.015293 -0.00884
0.015293 -0.00392
0.015293 0.001
0.015293 0.00592
0.015293 0.01084
0.015293 0.01576
0.015318 -0.018717
0.015318 0.020717
0.015344 -0.024952
0.015466 -0.022847
0.015466 0.024847
0.015476 -0.046199
0.015476 0.048199
0.015519 -0.028301
0.015519 0.030301
0.015585 -0.039723
0.015585 0.041723
0.01563 -0.032918
0.01563 0.034918
0.015631 -0.024549
0.015631 -0.017201
0.015631 -0.017201
0.015659 -0.01845
0.015659 0.02045
0.015915 -0.040593
0.015915 0.042593
0.01597 -0.033661
0.01597 0.035661
0.015983 -0.023652
0.015983 0.025652
0.016049 -0.02931
0.016049 0.03131
0.016123 0.018792
0.016123 0.018792
0.016123 0.018792
0.016238 -0.041444
0.016238 0.043444
0.016248 0.025475
0.016304 -0.034392
0.016304 0.036392
0.016482 -0.020296
0.016482 0.022296
0.016493 -0.024445
0.016493 0.026445
0.016553 -0.042275
0.016553 0.044275
0.016569 -0.030302
0.016569 0.032301
0.016602 0.025915
0.016602 0.025915
0.016632 -0.035111
0.016632 0.037111
0.016861 -0.043087
0.016861 0.045087
0.016938 0.018058
0.016938 0.018058
0.016954 -0.035816
0.016954 0.037816
0.016995 -0.025226
0.016995 0.027226
0.017027 0.025868
0.017033 0.026282
0.017033 -0.024282
0.017079 -0.031274
0.017079 0.033274
0.01714 -0.02354
0.01714 -0.02354
0.017161 -0.043879
0.017161 0.045879
0.017217 -0.037353
0.017217 0.039353
0.017226 -0.043509
0.017226 0.045509
0.01727 -0.036509
0.01727 0.038509
0.017367 0.025377
0.017454 -0.044651
0.017454 0.046651
0.01749 -0.025996
0.01749 0.027996
0.017566 -0.015436
0.017566 -0.015436
0.01758 -0.032228
0.01758 0.034228
0.017608 -0.024306
0.017608 0.026306
0.017738 -0.016591
0.017738 0.018591
0.017748 0.017246
0.017748 0.017246
0.017748 0.017246
0.017757 -0.018325
0.017757 0.020325
0.017925 -0.045331
0.017925 0.047331
0.017977 -0.026754
0.017977 0.028754
0.01803 -0.039181
0.01803 0.041181
0.018069 -0.01969
0.018069 0.02169
0.018071 -0.033164
0.018071 0.035164
0.018101 0.024828
0.018101 0.024828
0.018279 -0.025278
0.018279 0.027278
0.018456 -0.0275
0.018456 0.0295
0.018553 -0.034081
0.018553 0.036081
0.018652 -0.014229
0.018652 -0.014229
0.018704 -0.020423
0.018704 0.022423
0.018887 -0.022475
0.018928 -0.028234
0.018928 0.030234
0.018937 0.01588
0.018937 0.01588
0.018939 -0.026234
0.018939 0.028234
0.018972 -0.022131
0.019024 -0.03498
0.019024 0.03698
0.019121 -0.017981
0.019121 0.019981
0.019288 -0.037126
0.019288 0.039126
0.01933 -0.021146
0.01933 0.023146
0.019393 -0.028957
0.019393 0.030957
0.01943 0.024504
0.01943 -0.022504
0.019486 -0.03586
0.019486 0.03786
0.019532 -0.042554
0.019532 0.044554
0.019536 -0.044197
0.019536 -0.044197
0.019536 0.046197
0.019536 0.046197
0.019585 -0.008234
0.019585 -0.003611
0.019585 0.001011
0.019585 0.005634
0.019585 0.010257
0.019586 -0.027172
0.019586 0.029172
0.019597 -0.014511
0.019597 0.016511
0.019655 0.014929
0.019655 0.014929
0.019664 -0.012916
0.019664 -0.012916
0.01985 -0.029669
0.01985 0.031669
0.01992 0.0236
0.019938 -0.036721
0.019938 0.038721
0.019948 -0.021859
0.019948 0.023859
0.020068 -0.021176
0.020068 -0.021176
0.020101 -0.012278
0.020101 -0.012278
0.020107 0.023142
0.020222 -0.028093
0.020222 0.030093
0.020298 -0.008596
0.020298 -0.003798
0.020298 0.001
0.020298 0.005798
0.020298 0.010596
0.0203 -0.030368
0.0203 0.032368
0.020326 -0.044337
0.020326 0.046337
0.020344 0.0139
0.020344 0.0139
0.020381 -0.037564
0.020381 0.039564
0.020393 -0.013454
0.020393 0.015454
0.020531 -0.022016
0.020531 0.024016
0.020556 -0.02256
0.020556 0.02456
0.02063 -0.00709
0.02063 -0.00709
0.020742 -0.031056
0.020742 0.033056
0.020778 -0.020508
0.020813 -0.038389
0.020813 0.040389
0.020815 -0.020776
0.020831 -0.016928
0.020831 0.018928
0.020846 -0.028997
0.020846 0.030997
0.020951 0.022338
0.020951 0.022338
0.021008 -0.014759
0.021008 0.016759
0.021033 -0.010725
0.021033 -0.010725
0.021033 -0.010725
0.021132 -0.035358
0.021132 0.037358
0.021155 -0.023252
0.021155 0.025252
0.021157 0.012494
0.021157 0.012494
0.021176 -0.031732
0.021176 0.033732
0.021236 -0.039195
0.021236 0.041195
0.021314 -0.0229
0.021314 0.0249
0.021437 -0.015341
0.021437 0.017341
0.021458 -0.029884
0.021458 0.031884
0.021554 -0.009704
0.021554 -0.009704
0.021564 -0.017563
0.021564 0.019563
0.021603 -0.032396
0.021603 0.034396
0.021641 0.022501
0.021641 -0.0205
0.021649 -0.039982
0.021649 0.041982
0.021745 -0.023933
0.021745 0.025933
0.021785 -0.041479
0.021785 0.043479
0.022001 -0.008702
0.022001 -0.008702
0.022001 -0.008702
0.022022 -0.033049
0.022022 0.035049
0.022053 -0.04075
0.022053 0.04275
0.022058 -0.030754
0.022058 0.032754
0.022084 -0.023769
0.022084 0.025769
0.022132 -0.037091
0.022132 0.039091
0.022238 0.010108
0.022238 0.010108
0.022287 -0.01819
0.022287 0.02019
0.022315 -0.006761
0.022326 -0.024603
0.022326 0.026603
0.022434 -0.03369
0.022434 0.03569
0.022446 -0.0415
0.022446 0.0435
0.022561 -0.009791
0.022561 0.011791
0.022608 -0.004023
0.022608 -0.004023
0.022641 -0.01853
0.022647 -0.031606
0.022647 0.033606
0.022671 -0.043218
0.022671 0.045218
0.022685 -0.018567
0.022697 -0.018465
0.022697 -0.018465
0.022705 0.008752
0.022705 0.008752
0.022812 -0.018674
0.02283 -0.042231
0.02283 0.044231
0.02284 -0.024623
0.02284 0.026623
0.022898 -0.025263
0.022898 0.027263
0.022946 0.020171
0.02295 0.020513
0.022999 -0.018807
0.022999 0.020807
0.023156 -0.01939
0.023156 0.02139
0.023171 -0.013801
0.023171 0.015801
0.023223 -0.032441
0.023223 0.034441
0.023353 0.006019
0.023353 0.006019
0.023387 -0.012422
0.023387 0.014422
0.02346 -0.025912
0.02346 0.027912
0.023462 0.019536
0.023462 0.019536
0.023524 -0.005211
0.023526 0.004787
0.023526 0.004787
0.023549 -0.010656
0.023549 0.012656
0.023582 -0.02546
0.023582 0.02746
0.023585 -0.034645
0.023585 0.036645
0.023628 -0.007214
0.023628 0.009214
0.023638 0.003329
0.023638 0.003329
0.023645 0.02029
0.023645 -0.018289
0.023648 0.001795
0.023648 0.001795
0.023701 -0.019415
0.023701 0.021415
0.023788 -0.033259
0.023788 0.035259
0.023974 0.00366
0.023974 0.00366
0.023978 -0.040288
0.023978 0.042288
0.023988 -0.014326
0.023988 0.016326
0.024009 -0.042002
0.024009 -0.042002
0.024009 0.044002
0.024009 0.044002
0.024014 -0.026551
0.024014 0.028551
0.024041 -0.020174
0.024041 0.022174
0.024311 -0.026283
0.024311 0.028283
0.024341 -0.03406
0.024341 0.03606
0.024392 -0.020014
0.024392 0.022014
0.0244 -0.004531
0.0244 0.006531
0.024471 -0.016576
0.024517 0.001229
0.024517 0.001229
0.024532 -0.00315
0.024558 -0.02718
0.024558 0.02918
0.024792 -0.014843
0.024792 0.016843
0.024817 -0.032965
0.024817 0.034965
0.024821 0.002788
0.024882 -0.034844
0.024882 0.036844
0.02491 -0.020944
0.02491 0.022944
0.02494 -0.009272
0.02494 0.011273
0.024953 -0.000857
0.024953 0.002857
0.024954 -0.041979
0.024954 0.043979
0.024976 -0.015452
0.024976 -0.015452
0.025025 -0.027089
0.025025 0.029089
0.025043 -0.010373
0.025043 0.012373
0.025073 -0.020604
0.025073 0.022604
0.025094 -0.027798
0.025094 0.029798
0.025292 -0.006156
0.025292 0.008156
0.025377 -0.003063
0.025378 -0.004564
0.02541 -0.03561
0.02541 0.03761
0.025422 0.017893
0.025423 -0.015892
0.025446 -0.016467
0.025446 0.018467
0.025496 -0.014644
0.025585 -0.015352
0.025585 0.017352
0.02562 -0.028405
0.02562 0.030405
0.025623 0.016438
0.025623 0.016438
0.025672 0.016357
0.02572 0.016388
0.025726 -0.02788
0.025726 0.02988
0.025744 -0.021185
0.025744 0.023185
0.025763 -0.0217
0.025763 0.0237
0.02583 -0.014528
0.025862 0.016475
0.025926 -0.010776
0.025926 0.012776
0.025927 -0.036359
0.025927 0.038359
0.025933 0.002308
0.025933 0.002308
0.025993 -0.034583
0.025993 0.036583
0.026041 0.000771
0.026041 0.000771
0.026069 -0.005948
0.026069 0.007948
0.026106 -0.038984
0.026106 0.040984
0.026137 -0.029002
0.026137 0.031002
0.026179 -0.001413
0.026179 0.003413
0.026367 -0.015854
0.026367 0.017854
0.026404 -0.021757
0.026404 0.023757
0.026408 -0.006713
0.026408 0.008713
0.026413 -0.028656
0.026413 0.030656
0.026419 -0.017138
0.026419 0.019138
0.026432 -0.03709
0.026432 0.03909
0.026601 -0.022442
0.026601 0.024442
0.026645 -0.029588
0.026645 0.031588
0.026754 -0.002504
0.026754 0.004504
0.026796 -0.011173
0.026796 0.013173
0.026846 -0.003288
0.026865 -0.012198
0.026865 -0.012198
0.026925 -0.037804
0.026925 0.039805
0.026956 0.015334
0.026957 -0.013333
0.026968 0.013992
0.026984 0.001
0.027053 -0.02232
0.027053 0.02432
0.027086 -0.029415
0.027086 0.031415
0.027136 -0.016349
0.027136 0.018349
0.027144 -0.030164
0.027144 0.032164
0.027147 0.002291
0.02717 -0.040621
0.02717 0.042621
0.027231 0.013952
0.027239 -0.002896
0.027239 0.004896
0.027251 -0.005158
0.027251 -0.005158
0.027339 -0.006986
0.027339 0.008986
0.027367 -0.01329
0.027367 0.01529
0.027374 -0.017798
0.027374 0.019798
0.027389 0.013099
0.027389 0.013099
0.027406 -0.038501
0.027406 0.040501
0.027423 -0.02317
0.027423 0.02517
0.027431 -0.011008
0.027517 0.001
0.027564 -0.031683
0.027564 0.033683
0.027653 -0.011565
0.027653 0.013565
0.027692 -0.022873
0.027692 0.024873
0.027745 -0.030159
0.027745 0.032159
0.027814 -0.010671
0.027876 -0.039181
0.027876 0.041181
0.027894 -0.016836
0.027894 0.018836
0.027947 0.011793
0.028163 -0.03757
0.028163 0.03957
0.028169 -0.00397
0.028199 -0.003034
0.028199 0.005034
0.02823 -0.023885
0.02823 0.025885
0.028232 0.012636
0.028232 -0.010636
0.028233 -0.030199
0.028233 0.032199
0.028237 -0.039367
0.028237 -0.039367
0.028237 0.041367
0.028237 0.041367
0.028243 0.011617
0.028257 -0.007256
0.028257 0.009256
0.028276 0.002739
0.028312 -0.018446
0.028312 0.020446
0.02832 -0.023418
0.02832 0.025418
0.028353 -0.008719
0.028353 -0.008719
0.02839 -0.030887
0.02839 0.032887
0.028395 -0.006756
0.028413 -0.013839
0.028413 0.015839
0.028488 0.001
0.028498 -0.001462
0.028498 -0.011951
0.028498 0.013951
0.028601 0.001204
0.02864 -0.017316
0.02864 0.019316
0.028677 -0.007761
0.028733 0.009584
0.028733 0.009584
0.028891 -0.009904
0.028891 0.011904
0.028923 -0.006957
0.028923 -0.006957
0.028938 -0.023953
0.028938 0.025953
0.029021 -0.024586
0.029021 0.026586
0.029022 -0.0316
0.029022 0.0336
0.02904 -0.007272
0.029047 -0.004449
0.029145 0.003583
0.029145 0.003583
0.029146 -0.00317
0.029146 0.00517
0.029162 -0.007521
0.029162 0.009521
0.029213 0.007888
0.029234 -0.019081
0.029234 0.021081
0.029237 0.009827
0.029238 -0.007826
0.029311 -0.039149
0.029311 0.041149
0.029322 -0.004491
0.029322 -0.004491
0.02933 -0.012331
0.02933 0.014331
0.029375 -0.017788
0.029375 0.019788
0.029434 -0.004951
0.029434 -0.004951
0.029441 -0.014378
0.029441 0.016378
0.029444 0.001
0.029505 0.007507
0.029546 -0.02448
0.029546 0.02648
0.029557 -0.004594
0.029557 -0.004594
0.029571 -0.031686
0.029571 0.033686
0.029616 0.001516
0.029626 0.004699
0.029626 0.004699
0.029639 -0.032297
0.029639 0.034297
0.029643 0.005911
0.029643 0.005911
0.029732 -0.001505
0.029748 -0.004365
0.029748 -0.004365
0.029796 -0.025272
0.029796 0.027272
0.029833 0.001502
0.029833 0.001502
0.029833 0.001502
0.029856 0.004598
0.029937 0.003975
0.029962 0.006932
0.029963 -0.004931
0.029996 -0.006359
0.029996 0.008359
0.029996 -0.010323
0.029996 0.012323
0.030053 -0.007783
0.030053 0.009783
0.030079 -0.003304
0.030079 0.005304
0.030098 -0.018252
0.030098 0.020252
0.030098 0.004087
0.030117 0.001828
0.030117 0.001828
0.030138 -0.019706
0.030138 0.021706
0.030142 -0.024997
0.030142 0.026997
0.030144 -0.036051
0.030144 0.038051
0.03015 -0.012705
0.03015 0.014705
0.03017 0.001484
0.030242 -0.032978
0.030242 0.034978
0.030295 0.001232
0.030295 0.001232
0.030295 0.001232
0.030387 0.001
0.0304 0.003981
0.0304 -0.00198
0.030451 -0.014908
0.030451 0.016908
0.030547 0.001
0.030547 0.001
0.030556 -0.025945
0.030556 0.027945
0.030665 -0.002706
0.030665 0.004706
0.030729 -0.025505
0.030729 0.027505
0.030809 -0.018709
0.030809 0.020709
0.030832 -0.033643
0.030832 0.035643
0.030889 0.001
0.03093 -0.008041
0.03093 0.010041
0.030957 -0.013073
0.030957 0.015073
0.030998 -0.003437
0.030998 0.005437
0.031024 -0.020318
0.031024 0.022318
0.031081 -0.010734
0.031081 0.012734
0.031143 -0.006641
0.031143 0.008641
0.031173 -0.028278
0.031173 0.030278
0.0313 -0.026605
0.0313 0.028605
0.031304 -0.026004
0.031304 0.028004
0.031315 0.001
0.03134 -0.027092
0.03134 0.029092
0.031372 -0.037568
0.031372 0.039568
0.031407 -0.034293
0.031407 0.036293
0.031442 -0.015428
0.031442 0.017428
0.031509 -0.019159
0.031509 0.021159
0.031751 -0.013436
0.031751 0.015436
0.031795 -0.008295
0.031795 0.010295
0.031838 -0.002849
0.031838 0.004849
0.031894 -0.020918
0.031894 0.022918
0.031904 -0.003567
0.031904 0.005567
0.031969 -0.034927
0.031969 0.036927
0.032028 -0.02725
0.032028 0.02925
0.032042 -0.03443
0.032042 0.03643
0.032071 0.001
0.032147 -0.011139
0.032147 0.013139
0.032177 -0.036318
0.032177 -0.036318
0.032177 0.038318
0.032177 0.038318
0.032196 -0.019601
0.032196 0.021601
0.03223 0.001
0.03227 -0.006919
0.03227 0.008919
0.032415 -0.015939
0.032415 0.017939
0.032517 -0.035545
0.032517 0.037545
0.032533 -0.013793
0.032533 0.015793
0.032646 -0.008544
0.032646 0.010544
0.032741 -0.027881
0.032741 0.029881
0.032747 -0.021506
0.032747 0.023506
0.032795 -0.003695
0.032795 0.005695
0.032827 -0.028431
0.032827 0.030431
0.032872 -0.020035
0.032872 0.022035
0.03299 -0.002989
0.03299 0.004989
0.033131 0.001
0.033194 -0.011536
0.033194 0.013536
0.033232 0.001
0.033302 -0.014144
0.033302 0.016144
0.033348 -0.03588
0.033348 0.03788
0.033369 -0.01644
0.033369 0.01844
0.033377 -0.007192
0.033377 0.009192
0.033437 -0.028498
0.033437 0.030498
0.033484 -0.00879
0.033484 0.01079
0.033537 -0.020462
0.033537 0.022462
0.033582 -0.022083
0.033582 0.024083
0.033674 -0.003821
0.033674 0.005821
0.033852 -0.032712
0.033852 0.034712
0.034018 0.001
0.034058 -0.01449
0.034058 0.01649
0.034105 -0.023677
0.034105 0.025677
0.034119 -0.029102
0.034119 0.031102
0.034122 -0.003126
0.034122 0.005126
0.034189 -0.020882
0.034189 0.022882
0.034221 -0.011925
0.034221 0.013925
0.034305 -0.016931
0.034305 0.018931
0.034308 -0.009033
0.034308 0.011033
0.034362 -0.024477
0.034362 0.026477
0.034372 0.001
0.0344 -0.022648
0.0344 0.024648
0.034464 -0.00746
0.034464 0.00946
0.034538 -0.003946
0.034538 0.005946
0.034784 -0.029691
0.034784 0.031691
0.034802 -0.014829
0.034802 0.016829
0.03483 -0.021294
0.03483 0.023294
0.034892 0.001
0.03512 -0.009271
0.03512 0.011271
0.035201 -0.0232
0.035201 0.0252
0.035222 -0.017412
0.035222 0.019412
0.035229 -0.012307
0.035229 0.014307
0.035232 -0.034092
0.035232 0.036092
0.035234 -0.003261
0.035234 0.005261
0.035388 -0.004068
0.035388 0.006068
0.035434 -0.030267
0.035434 0.032267
0.035491 0.001
0.035531 -0.007723
0.035531 0.009723
0.035533 -0.015163
0.035533 0.017163
0.03557 -0.030901
0.03557 0.032901
0.035724 -0.024853
0.035724 0.026853
0.035751 0.001
0.035788 -0.032885
0.035788 -0.032885
0.035788 0.034885
0.035788 0.034885
0.035917 -0.009505
0.035917 0.011505
0.035984 -0.023741
0.035984 0.025741
0.036067 -0.030828
0.036067 0.032828
0.03612 -0.017884
0.03612 0.019884
0.036217 -0.012682
0.036217 0.014682
0.036225 -0.004188
0.036225 0.006188
0.036251 -0.015491
0.036251 0.017491
0.036324 -0.003393
0.036324 0.005393
0.036499 -0.019991
0.036499 0.021991
0.036577 -0.007981
0.036577 0.009981
0.03659 0.001
0.036596 0.001
0.036686 -0.031376
0.036686 0.033376
0.036702 -0.009735
0.036702 0.011735
0.03675 -0.02427
0.03675 0.02627
0.036957 -0.015813
0.036957 0.017813
0.037 -0.018346
0.037 0.020346
0.037021 -0.032207
0.037021 0.034207
0.037048 -0.004307
0.037048 0.006307
0.037089 -0.020332
0.037089 0.022332
0.037185 -0.013049
0.037185 0.015049
0.037191 -0.029003
0.037191 0.031003
0.037394 -0.003523
0.037394 0.005523
0.037428 0.001
0.037473 -0.009962
0.037473 0.011962
0.037499 -0.024787
0.037499 0.026787
0.037603 -0.008234
0.037603 0.010234
0.03765 -0.01613
0.03765 0.01813
0.037667 0.001
0.037857 -0.004423
0.037857 0.006423
0.037862 -0.018798
0.037862 0.020798
0.038134 -0.013409
0.038134 0.015409
0.038231 -0.010184
0.038231 0.012184
0.038231 -0.025292
0.038231 0.027292
0.038231 -0.020992
0.038231 0.022992
0.038245 0.001
0.038443 -0.003651
0.038443 0.005651
0.038494 -0.016076
0.038494 0.018076
0.038609 -0.008482
0.038609 0.010482
0.038653 -0.004537
0.038653 0.006537
0.038705 -0.01924
0.038705 0.02124
0.038708 -0.030232
0.038708 0.032232
0.038711 -0.027023
0.038711 0.029023
0.038724 0.001
0.038945 -0.025785
0.038945 0.027785
0.038975 -0.010403
0.038975 0.012403
0.039033 -0.029105
0.039033 -0.029105
0.039033 0.031105
0.039033 0.031105
0.039049 0.001
0.039064 -0.013762
0.039064 0.015762
0.039315 -0.015898
0.039315 0.017898
0.039435 -0.00465
0.039435 0.00665
0.039471 -0.003776
0.039471 0.005776
0.039529 -0.019673
0.039529 0.021673
0.039594 -0.008724
0.039594 0.010724
0.039642 -0.026266
0.039642 0.028266
0.039706 -0.010617
0.039706 0.012617
0.03976 0.001
0.039839 0.001
0.039973 -0.014107
0.039973 0.016107
0.040069 -0.011973
0.040069 0.013973
0.040125 -0.024966
0.040125 0.026966
0.040202 -0.00476
0.040202 0.00676
0.04029 -0.02817
0.04029 0.03017
0.040321 -0.01689
0.040321 0.01889
0.040322 -0.026735
0.040322 0.028735
0.040335 -0.020096
0.040335 0.022096
0.040479 -0.003898
0.040479 0.005898
0.040559 -0.008962
0.040559 0.010962
0.040614 0.001
0.040775 0.001
0.040863 -0.014444
0.040863 0.016444
0.040957 -0.004868
0.040957 0.006868
0.041012 -0.011236
0.041012 0.013236
0.041122 -0.020509
0.041122 0.022509
0.041206 -0.007729
0.041206 0.009729
0.041376 0.001
0.041429 -0.022838
0.041429 0.024838
0.041465 -0.004018
0.041465 0.006018
0.041504 -0.009195
0.041504 0.011195
0.041734 -0.014774
0.041734 0.016774
0.041762 -0.026029
0.041762 0.028029
0.041769 0.001
0.041879 -0.025016
0.041879 -0.025016
0.041879 0.027016
0.041879 0.027016
0.041891 -0.020912
0.041891 0.022912
0.041893 -0.003388
0.041893 0.005388
0.041971 -0.012592
0.041971 0.014592
0.042123 0.001
0.042156 -0.006409
0.042156 0.008409
0.042428 -0.009423
0.042428 0.011423
0.042431 -0.004135
0.042431 0.006135
0.042585 -0.015097
0.042585 0.017097
0.04262 -0.020644
0.04262 0.022644
0.042641 -0.021306
0.042641 0.023306
0.042732 -0.001481
0.042732 0.003481
0.042742 0.001
0.043119 -0.023814
0.043119 0.025814
0.043163 -0.008145
0.043163 0.010145
0.043332 -0.009646
0.043332 0.011646
0.043372 -0.021689
0.043372 0.023689
0.043376 -0.00425
0.043376 0.00625
0.043416 -0.015412
0.043416 0.017412
0.043694 0.001
0.043694 -0.018391
0.043694 0.020391
0.043883 -0.003598
0.043883 0.005598
0.044124 0.001
0.044216 -0.009864
0.044216 0.011864
0.044227 -0.01572
0.044227 0.01772
0.044297 -0.02066
0.044297 -0.02066
0.044297 0.02266
0.044297 0.02266
0.0443 -0.004362
0.0443 0.006362
0.044359 -0.02153
0.044359 0.02353
0.044625 0.001
0.044649 -0.016085
0.044649 0.018085
0.045019 -0.01602
0.045019 0.01802
0.045079 -0.010076
0.045079 0.012076
0.045204 -0.004472
0.045204 0.006472
0.045477 -0.019185
0.045477 0.021185
0.045483 -0.013733
0.045483 0.015733
0.045535 0.001
0.045791 -0.016313
0.045791 0.018313
0.045921 -0.010284
0.045921 0.012284
0.046086 -0.004579
0.046086 0.006579
0.046192 -0.011339
0.046192 0.013339
0.046261 -0.016081
0.046261 -0.016081
0.046261 0.018081
0.046261 0.018081
0.046424 0.001
0.046472 -0.016785
0.046472 0.018785
0.046744 -0.010487
0.046744 0.012487
0.046774 -0.008912
0.046774 0.010912
0.046948 -0.004683
0.046948 0.006683
0.047229 -0.006458
0.047229 0.008458
0.047292 0.001
0.047339 -0.014336
0.047339 0.016336
0.047545 -0.010684
0.047545 0.012684
0.047555 -0.003983
0.047555 0.005983
0.047751 -0.001495
0.047751 0.003495
0.047753 -0.011328
0.047753 -0.011328
0.047753 0.013328
0.047753 0.013328
0.047788 -0.004785
0.047788 0.006785
0.047816 0.001
0.048077 -0.011845
0.048077 0.013845
0.048138 0.001
0.048608 -0.004885
0.048608 0.006885
0.048684 -0.009318
0.048684 0.011318
0.048756 -0.006448
0.048756 -0.006448
0.048756 0.008448
0.048756 0.008448
0.048964 0.001
0.049157 -0.006763
0.049157 0.008763
0.04926 -0.001491
0.04926 -0.001491
0.04926 0.003491
0.04926 0.003491
0.049496 -0.004187
0.049496 0.006187
0.0497 -0.001597
0.0497 0.003597
0.049768 0.001
